4:126.926658,37.492527,126.926667,37.492181,126.926682,37.492062,126.926744,37.491772,126.92685,37.491441,126.92693,37.491276,126.927078,37.49096,126.927482,37.490119,126.927784,37.489472,126.92782,37.489389,126.927895,37.489184
1:126.928076,37.489457,126.928037,37.489545,126.927734,37.490194,126.92733,37.491035,126.927182,37.491352,126.927107,37.491506,126.927008,37.491817,126.926949,37.49209,126.926936,37.492193,126.926927,37.492531
2:126.919497,37.489177,126.919536,37.48917,126.919875,37.489101,126.920044,37.489059,126.920316,37.488968,126.920612,37.488846,126.920787,37.488762,126.921162,37.48855,126.921457,37.488356,126.9217,37.488161,126.921847,37.487997,126.922041,37.48776,126.92231,37.487345,126.922563,37.486916,126.922841,37.486472
1:126.923082,37.486568,126.922806,37.487008,126.922552,37.487439,126.922275,37.487868,126.922069,37.488117,126.921907,37.488299,126.921639,37.488513,126.921327,37.48872,126.920935,37.48894,126.920744,37.489032,126.92043,37.489162,126.920136,37.48926,126.919948,37.489306,126.919598,37.489378,126.919553,37.489386
2:126.927968,37.489116,126.928091,37.489071,126.928554,37.488883,126.92898,37.488681,126.929668,37.488369,126.929699,37.488357,126.929954,37.488246,126.930046,37.488206,126.930324,37.488083,126.931909,37.48734,126.931958,37.487316,126.932051,37.487284,126.932123,37.487271,126.932172,37.487266,126.932316,37.487263,126.932406,37.487259,126.932431,37.487258,126.932442,37.487256,126.932508,37.487233,126.934115,37.48653,126.934716,37.486291
3:126.934837,37.486482,126.934241,37.486719,126.932628,37.487425,126.932539,37.487456,126.932521,37.487463,126.932516,37.487465,126.932503,37.487475,126.932469,37.487508,126.932399,37.487557,126.932318,37.487609,126.932257,37.487642,126.932174,37.487683,126.931767,37.487875,126.930271,37.488539,126.929949,37.488683,126.929898,37.488706,126.928803,37.489202,126.92876,37.489222,126.928291,37.489408,126.928066,37.489496,126.928006,37.489518
3:126.927897,37.489177,126.928032,37.488877,126.92818,37.488553,126.928648,37.487544,126.928879,37.487011,126.929003,37.486728,126.929088,37.48653,126.929164,37.486355,126.929344,37.485877,126.929464,37.485275,126.929503,37.484917,126.929524,37.48464,126.929569,37.484299,126.929581,37.484172
3:126.929837,37.484319,126.929793,37.484658,126.929772,37.484932,126.929732,37.485301,126.929608,37.485925,126.929421,37.48642,126.929343,37.4866,126.929258,37.486798,126.929134,37.487081,126.928902,37.487615,126.928433,37.488627,126.928285,37.488949,126.928152,37.489246,126.928078,37.489451
3:126.922928,37.486624,126.922356,37.48651,126.922291,37.486496,126.920966,37.486254,126.91972,37.486031,126.918451,37.485793,126.918044,37.485714,126.916399,37.485412,126.915325,37.485215,126.914899,37.485139,126.913875,37.484952
2:126.913936,37.484744,126.914958,37.484931,126.915384,37.485006,126.91646,37.485204,126.918106,37.485506,126.918514,37.485585,126.919781,37.485823,126.921026,37.486046,126.922356,37.486289,126.922423,37.486303,126.922994,37.486416
3:126.922846,37.486465,126.923217,37.485972,126.923498,37.485683,126.923779,37.485471,126.923937,37.485342,126.924667,37.484694,126.925766,37.483766,126.925844,37.483689,126.925839,37.483697,126.925829,37.483723,126.92583,37.483719
2:126.925966,37.48391,126.924866,37.484838,126.924134,37.485487,126.923968,37.485623,126.923698,37.485827,126.92344,37.486093,126.923077,37.486575
3:126.93245,37.487278,126.932489,37.48722,126.932596,37.487136,126.932648,37.487078,126.932711,37.487029,126.933408,37.486729,126.934085,37.486437,126.93408,37.486309,126.934072,37.485487,126.93407,37.484916
2:126.93434,37.484916,126.934341,37.485486,126.934349,37.486305,126.934356,37.486496
3:126.934185,37.485022,126.933894,37.484987,126.93346,37.484937,126.932481,37.484806,126.930078,37.484475,126.929677,37.484413
1:126.929739,37.484075,126.930149,37.484134,126.930443,37.484174,126.931795,37.484349,126.932031,37.484373,126.932558,37.484437,126.932652,37.484448,126.933173,37.484502,126.933456,37.484538,126.933964,37.484603
3:126.929683,37.484414,126.929246,37.484362,126.928132,37.484228,126.927741,37.484181,126.927381,37.484129,126.926981,37.484085,126.926723,37.484057,126.926474,37.484025,126.926048,37.483968,126.926025,37.483966,126.925993,37.483962,126.925957,37.483957,126.925844,37.483942
2:126.926014,37.483638,126.926005,37.483635,126.9261,37.483646,126.92618,37.483658,126.926565,37.4837,126.926631,37.483708,126.926973,37.483746,126.927345,37.483791,126.92756,37.483816,126.928123,37.48388,126.929302,37.484029,126.929732,37.484074
3:126.92958,37.484174,126.9296,37.483876,126.929685,37.482993,126.929732,37.482586,126.929742,37.482464
4:126.930011,37.482478,126.93,37.482603,126.929954,37.483011,126.929869,37.48389,126.929849,37.484187,126.929837,37.484316
2:126.925845,37.483942,126.925458,37.483889,126.923335,37.483604,126.922664,37.483503,126.922392,37.483458,126.921544,37.483294,126.920018,37.483014,126.91861,37.482755,126.918358,37.482707,126.918243,37.482687,126.918004,37.482643,126.917819,37.482608,126.916142,37.482303,126.915459,37.48218,126.914463,37.482001
1:126.914551,37.481662,126.916247,37.481963,126.916888,37.482076,126.917621,37.482201,126.917918,37.482255,126.918025,37.482274,126.918298,37.482325,126.918448,37.482354,126.919592,37.482563,126.92012,37.482663,126.920731,37.482781,126.921176,37.482858,126.921648,37.482949,126.922702,37.483149,126.923031,37.483203,126.924034,37.483351,126.925987,37.483632
2:126.928575,37.481551,126.92956,37.480628,126.929793,37.480401,126.930307,37.479918,126.93179,37.478601
2:126.929742,37.482463,126.929759,37.482294,126.929845,37.481458,126.929874,37.48126,126.929918,37.48112,126.929947,37.481051
3:126.932214,37.478903,126.931883,37.479202,126.93152,37.479538,126.931188,37.479841,126.93084,37.480186,126.930591,37.480454,126.930537,37.480526,126.930493,37.480606,126.930353,37.480843,126.930201,37.481123,126.930178,37.481178,126.930139,37.481306,126.930113,37.48148,126.930027,37.482311,126.930011,37.48248
3:126.928097,37.479254,126.928329,37.479279,126.928702,37.479246,126.929009,37.479159,126.929389,37.479019,126.929652,37.478916,126.930047,37.478776,126.930384,37.478642,126.930594,37.478554,126.930908,37.478442,126.931134,37.478373,126.931284,37.47834
3:126.931796,37.478749,126.931617,37.478609,126.931542,37.478566,126.931525,37.47856,126.931506,37.478556,126.931336,37.478551,126.931219,37.478577,126.931011,37.47864,126.930712,37.478746,126.930508,37.478832,126.930163,37.47897,126.929766,37.47911,126.929506,37.479212,126.929111,37.479357,126.928763,37.479455,126.928326,37.479494,126.928061,37.479466
2:126.92806,37.479466,126.927856,37.479444,126.927675,37.479418,126.927432,37.479382,126.92701,37.479337,126.92672,37.479306,126.926617,37.479302,126.926298,37.479299,126.925637,37.479216,126.924992,37.479133,126.924732,37.479146,126.924219,37.47916,126.92288,37.479052,126.920017,37.478598,126.919572,37.478518,126.918929,37.478307,126.917714,37.478132,126.916498,37.477976,126.915316,37.47783
2:126.915357,37.477619,126.91654,37.477764,126.917759,37.477921,126.918982,37.478098,126.919667,37.478121,126.920114,37.478183,126.924295,37.478745,126.925692,37.478914,126.926361,37.478987,126.92653,37.479032,126.926671,37.479073,126.926761,37.479095,126.927045,37.479125,126.927474,37.479171,126.927724,37.479207,126.927898,37.479232,126.928097,37.479254
3:126.952339,37.478801,126.951456,37.4789,126.950609,37.478974,126.950177,37.479014,126.949918,37.479049,126.948737,37.479172,126.947337,37.479303,126.945915,37.479443,126.945522,37.479481,126.945202,37.479512,126.944484,37.479581,126.943806,37.479644,126.943137,37.479716,126.942472,37.479764,126.942314,37.479765,126.942093,37.479717,126.941904,37.479654,126.941808,37.47961,126.941543,37.47946,126.941497,37.47943,126.940927,37.4791,126.939926,37.478506,126.93957,37.478297,126.93946,37.478225,126.938942,37.477908,126.938376,37.477515,126.938201,37.47741,126.937998,37.477362,126.937822,37.477327,126.937709,37.477313,126.937551,37.477266,126.937424,37.477223,126.937313,37.477184,126.937146,37.477106,126.936732,37.47691,126.936576,37.476835
3:126.936716,37.476652,126.936871,37.476727,126.937284,37.476922,126.937436,37.476994,126.937531,37.477027,126.937652,37.477067,126.937779,37.477105,126.937876,37.477118,126.938069,37.477156,126.938325,37.477216,126.938546,37.477349,126.939113,37.477743,126.939628,37.478058,126.939736,37.478128,126.940087,37.478335,126.941087,37.478928,126.941662,37.479261,126.941707,37.47929,126.941954,37.47943,126.942024,37.479462,126.94218,37.479514,126.942349,37.479551,126.94246,37.47955,126.943107,37.479503,126.943772,37.479432,126.944452,37.479368,126.94517,37.479299,126.94549,37.479269,126.945882,37.47923,126.947304,37.479091,126.948703,37.478959,126.949878,37.478838,126.950139,37.478803,126.950579,37.478762,126.951422,37.478688,126.952302,37.478589
3:126.931789,37.478602,126.931885,37.478515,126.932237,37.478159,126.932402,37.478016
3:126.931288,37.47834,126.931504,37.478298,126.931791,37.478304,126.931839,37.47830299999999,126.931852,37.478302,126.931852,37.47830199999999,126.931883,37.478285,126.931963,37.478231,126.932223,37.478064,126.93245,37.47799
3:126.932423,37.47800099999999,126.932593,37.477905,126.932857,37.47778999999999,126.933109,37.477704,126.933961,37.47749499999999,126.934932,37.477319,126.93552,37.47722,126.935915,37.47713,126.93604,37.477088,126.936154,37.477029,126.936224,37.476978,126.936317,37.476905,126.93654,37.476678
2:126.937484,37.477152,126.937421,37.47722,126.937333,37.477298,126.93725,37.477363,126.937128,37.477414,126.936806,37.477532,126.936239,37.477671,126.935927,37.477722,126.935381,37.477788,126.935074,37.477831,126.934152,37.478015,126.933846,37.4781,126.933548,37.478179,126.933089,37.478322,126.932859,37.478418,126.932791,37.478456,126.932713,37.478502,126.932324,37.478817,126.932208,37.478908
3:126.936527,37.476694,126.936582,37.476609,126.936638,37.476483,126.936662,37.476352,126.936668,37.476242,126.936652,37.476078,126.93662,37.47597,126.936553,37.475825,126.93648,37.475716,126.936218,37.475441,126.935686,37.474906,126.935553,37.474789,126.935361,37.474668,126.93529,37.474634,126.935183,37.474591,126.934906,37.474522,126.934315,37.474414,126.934175,37.474382,126.933942,37.474294,126.933781,37.474219,126.9336,37.474124,126.933556,37.474099,126.933342,37.473896,126.933192,37.473691,126.933121,37.473531,126.93302,37.473317,126.932963,37.473142,126.932941,37.472974,126.932948,37.472788,126.932987,37.472591,126.93315,37.472065,126.933303,37.471854,126.933425,37.471732,126.933567,37.471619,126.933636,37.471571,126.9339,37.471432
3:126.934263,37.471873,126.934119,37.471954,126.93395,37.472096,126.933876,37.472168,126.933811,37.472251,126.933771,37.47232,126.933717,37.47243,126.933687,37.472529,126.933671,37.472616,126.933662,37.472824,126.933685,37.473068,126.933722,37.473188,126.93379,37.473316,126.933863,37.473422,126.933955,37.473514,126.934087,37.473631,126.934199,37.473684,126.934298,37.473709,126.934748,37.473779,126.935172,37.473876,126.935485,37.473983,126.935651,37.474055,126.935806,37.474137,126.935933,37.474212,126.936312,37.474544,126.936836,37.475081,126.936984,37.475235,126.937235,37.475551,126.93748,37.476055,126.937562,37.476496,126.937587,37.476738,126.937587,37.476873,126.937572,37.476976,126.937501,37.477127
2:126.934715,37.486291,126.935752,37.485868,126.936078,37.485726,126.936683,37.485476,126.937515,37.485106,126.938303,37.484749,126.938642,37.484609,126.939213,37.484349,126.939658,37.484151,126.941091,37.48353,126.9415,37.483356,126.942003,37.483188,126.942265,37.483131,126.943074,37.483032,126.943601,37.482973,126.945029,37.48284,126.946427,37.482714
1:126.946458,37.482927,126.94506,37.483053,126.943636,37.483185,126.943113,37.483243,126.942321,37.483341,126.942091,37.483391,126.941616,37.483549,126.94122,37.483718,126.939788,37.484338,126.939346,37.484535,126.938771,37.484796,126.938432,37.484937,126.937648,37.485292,126.936811,37.485664,126.936205,37.485915,126.935878,37.486057,126.934838,37.486481
1:126.933961,37.484603,126.934061,37.484614,126.934304,37.484642,126.934391,37.484652,126.934802,37.484677,126.935099,37.484683,126.93539,37.484675,126.935691,37.484647,126.935859,37.484625,126.936043,37.484592,126.936286,37.484528,126.936496,37.484466,126.936978,37.484259,126.937015,37.484242,126.937782,37.483899,126.939021,37.483334,126.939083,37.483306,126.940491,37.482684,126.940818,37.482544,126.941082,37.48245,126.941325,37.482372,126.941961,37.482222,126.942284,37.482174,126.943374,37.482044,126.943458,37.482034,126.944861,37.481895,126.946284,37.481746
1:126.946346,37.482154,126.944921,37.482282,126.94365,37.482409,126.943527,37.482422,126.943442,37.482432,126.942353,37.48255,126.942082,37.482597,126.941452,37.482741,126.941261,37.482799,126.940728,37.48303,126.939327,37.483653,126.937978,37.484272,126.937213,37.484605,126.937174,37.484623,126.936662,37.484814,126.936443,37.484887,126.936151,37.484963,126.935946,37.484999,126.93576,37.485029,126.935391,37.485058,126.935106,37.485072,126.934782,37.485066,126.934193,37.485022
1:126.923837,37.489759,126.924841,37.489766,126.925388,37.489723,126.925567,37.489696,126.925704,37.489672,126.926364,37.48955,126.926984,37.489427,126.927594,37.489254,126.927826,37.489171,126.927965,37.489117
1:126.928014,37.489515,126.927782,37.489617,126.927498,37.489722,126.927278,37.489794,126.926873,37.489912,126.926235,37.490044,126.926038,37.490076,126.9258,37.490112,126.925468,37.49016,126.924867,37.490224,126.924304,37.490243
3:126.92583,37.483723,126.925832,37.483709,126.925844,37.483682,126.925901,37.483613,126.928584,37.481544
3:126.929791,37.482554,126.929467,37.482342,126.928984,37.482006,126.928935,37.481967,126.928626,37.481734,126.928578,37.481692
4:126.928778,37.481549,126.928819,37.481584,126.929123,37.481814,126.929168,37.48185,126.929641,37.482179,126.929962,37.482389
2:126.92859,37.481701,126.928076,37.481346,126.927675,37.481039,126.927648,37.480999,126.927632,37.480953,126.927628,37.48091,126.927631,37.480869,126.927722,37.480467,126.927781,37.480183,126.92787,37.479726,126.927946,37.479344
3:126.928212,37.479377,126.928137,37.479759,126.928047,37.480217,126.927987,37.480503,126.927899,37.480895,126.927898,37.480909,126.927898,37.480916,126.9279,37.480919,126.927892,37.480908,126.928259,37.481189,126.928767,37.48154
3:126.918548,37.489368,126.919289,37.48949,126.919576,37.489534,126.920192,37.489638,126.920279,37.489658,126.922244,37.489712,126.922383,37.48971
3:126.941678,37.490978,126.941945,37.490635,126.942074,37.490382,126.942094,37.490321,126.942117,37.490149,126.942107,37.490077,126.942014,37.489806,126.941941,37.489531,126.941836,37.489256,126.941734,37.489002,126.941655,37.488896,126.941593,37.48884,126.941512,37.488779,126.94147,37.488751,126.941035,37.488511,126.940543,37.488212,126.940212,37.487951,126.940093,37.487819,126.939408,37.48701,126.939346,37.486924,126.939315,37.486873,126.939283,37.486798,126.939237,37.486492,126.939218,37.486222
3:126.939487,37.48621,126.939505,37.486473,126.939547,37.48675,126.939565,37.486792,126.939584,37.486824,126.939637,37.486896,126.940315,37.487697,126.940418,37.487812,126.940721,37.48805,126.941194,37.488338,126.941634,37.488581,126.941692,37.48862,126.941787,37.488692,126.941874,37.488769,126.941981,37.488914,126.942093,37.489192,126.942203,37.489478,126.942277,37.489756,126.942372,37.490037,126.942388,37.490149,126.94236,37.49036,126.94233,37.490449,126.942186,37.490732,126.941907,37.49109
3:126.934772,37.48628,126.934884,37.486276,126.93578,37.486271,126.936071,37.486256,126.936681,37.48623,126.938053,37.486164,126.938821,37.486125,126.939347,37.486109
3:126.939358,37.486323,126.938835,37.486339,126.938069,37.486378,126.936696,37.486443,126.936087,37.486469,126.93579,37.486485,126.93489,37.48649,126.934781,37.486493
2:126.939343,37.486109,126.940641,37.486036,126.941589,37.48599,126.941932,37.485993,126.94259,37.486122,126.943285,37.486308,126.944029,37.486522,126.944382,37.486635,126.944657,37.486711,126.944948,37.48679,126.945391,37.486892,126.945593,37.486925,126.945907,37.486928,126.946964,37.486816
2:126.947,37.487028,126.945924,37.487142,126.945564,37.487139,126.945326,37.487099,126.944867,37.486994,126.944569,37.486913,126.944287,37.486835,126.943933,37.486722,126.943195,37.48651,126.942514,37.486327,126.941898,37.486206,126.941596,37.486204,126.940659,37.48625,126.939362,37.486323
2:126.918767,37.472922,126.918976,37.472689,126.91915,37.472474,126.919368,37.47206,126.919594,37.471637,126.919664,37.471493,126.91969,37.471414,126.919718,37.471258,126.91974,37.47107,126.91974,37.470901,126.91976,37.470656,126.91985,37.470067,126.919936,37.469752,126.919959,37.469658,126.919967,37.469598,126.919968,37.469423,126.91996,37.469358,126.919935,37.469229,126.919902,37.4691,126.919828,37.468864,126.919809,37.46878,126.919804,37.468708,126.919807,37.468647,126.919815,37.468573,126.919841,37.468488,126.919889,37.468389,126.920064,37.46817,126.92019,37.467979,126.920303,37.46771,126.920364,37.467556,126.920405,37.467446,126.920426,37.467337,126.920433,37.467271,126.920421,37.467173,126.920407,37.467102,126.920327,37.466852,126.920047,37.466164,126.919905,37.465858,126.919854,37.465766,126.919716,37.465581,126.919436,37.465226
2:126.919664,37.465113,126.919947,37.46547,126.920094,37.465668,126.920155,37.465778,126.920302,37.466094,126.920586,37.466792,126.920672,37.46706,126.920688,37.467147,126.920704,37.46727,126.920693,37.467362,126.920669,37.467492,126.920621,37.467619,126.920559,37.467776,126.920439,37.468062,126.920297,37.468277,126.920131,37.468486,126.920098,37.468552,126.920082,37.468607,126.920076,37.46866,126.920074,37.468706,126.920078,37.468756,126.920092,37.46882,126.920165,37.469053,126.9202,37.469192,126.920228,37.469332,126.920237,37.469414,126.920236,37.469609,126.920226,37.46969,126.9202,37.469795,126.920116,37.470102,126.920028,37.470676,126.92001,37.470908,126.920009,37.471079,126.919986,37.471283,126.919954,37.471456,126.919921,37.471558,126.919844,37.471717,126.919617,37.472144,126.919389,37.472574,126.9192,37.472809,126.918986,37.473046
3:126.933851,37.471566,126.933728,37.471351,126.933552,37.471027,126.933109,37.470212,126.93258,37.469252,126.931812,37.467845,126.931524,37.46733,126.931431,37.467136,126.931378,37.466974,126.931329,37.46673
2:126.931595,37.466696,126.931642,37.466931,126.931688,37.467071,126.931773,37.467249,126.932058,37.467759,126.932827,37.469167,126.933356,37.470127,126.933799,37.470942,126.933975,37.471264,126.934097,37.471477
3:126.941386,37.471006,126.9408,37.47094,126.940124,37.470869,126.939806,37.470852,126.939746,37.470854,126.939463,37.470863,126.939277,37.470881,126.938973,37.470919,126.938877,37.470929,126.937918,37.471042,126.937817,37.471052,126.937732,37.471063,126.936898,37.471155,126.936825,37.471164,126.93628,37.47123,126.935834,37.471289,126.935632,37.471322,126.93537,37.471389,126.935302,37.471408,126.935241,37.471428,126.935025,37.471497,126.934663,37.471662,126.934359,37.471819,126.934264,37.471873
3:126.93391,37.471428,126.93419,37.471307,126.934814,37.471036,126.935057,37.470953,126.935126,37.470935,126.935592,37.470858,126.936732,37.470715,126.936754,37.470712,126.936811,37.470705,126.937655,37.470603,126.937745,37.47059,126.938786,37.470472,126.938841,37.470464,126.938901,37.470455,126.939528,37.470401,126.939752,37.470401,126.939837,37.470402,126.940947,37.470516,126.941447,37.470567
