3:126.940071,37.513452,126.940076,37.513171,126.94008,37.512517,126.940081,37.512178,126.940078,37.511942,126.940071,37.511834,126.940048,37.510638,126.94005,37.509988,126.939993,37.508337,126.939983,37.508184,126.939877,37.507564,126.939795,37.507183,126.939724,37.506887,126.93947,37.505942,126.939445,37.505831,126.939394,37.505605,126.939331,37.50534,126.939256,37.505088
3:126.939518,37.505039,126.939595,37.505295,126.939659,37.505567,126.939711,37.505794,126.939734,37.505901,126.939988,37.506845,126.94006,37.507145,126.940144,37.507531,126.940252,37.508164,126.940262,37.508329,126.940319,37.509986,126.940318,37.510636,126.94034,37.511826,126.940348,37.511935,126.94035,37.512177,126.94035,37.512518,126.940346,37.513173,126.940341,37.513455
1:126.939408,37.504958,126.939674,37.504992,126.939775,37.504991,126.940905,37.505009,126.941461,37.505076,126.941955,37.505127,126.942282,37.505139,126.943412,37.505129,126.944312,37.505123,126.944403,37.505123,126.944543,37.505119,126.944685,37.505111,126.944799,37.505098,126.945003,37.505067,126.945173,37.50503,126.945553,37.50492,126.946101,37.504739,126.946189,37.504712
3:126.946285,37.504912,126.946201,37.504937,126.945651,37.505119,126.945255,37.505234,126.945064,37.505276,126.944843,37.505309,126.944714,37.505324,126.944556,37.505333,126.944408,37.505336,126.944314,37.505337,126.943415,37.505343,126.942277,37.505353,126.941932,37.50534,126.941423,37.505288,126.940882,37.505223,126.939774,37.505205,126.939654,37.505206,126.939366,37.505169
3:126.939256,37.505087,126.939172,37.504795,126.939107,37.504558,126.939089,37.504476,126.939088,37.504419,126.939089,37.50437,126.939155,37.504115,126.939465,37.503413,126.939636,37.50301,126.939679,37.502941,126.939833,37.502702,126.940249,37.502193,126.940915,37.501437,126.941136,37.501182,126.941469,37.500778,126.941584,37.500645,126.94194,37.500394,126.942923,37.499692,126.943945,37.499038
3:126.944114,37.499204,126.943098,37.499855,126.94212,37.500554,126.941788,37.500788,126.941693,37.500898,126.94136,37.501301,126.941137,37.501559,126.940472,37.502312,126.940067,37.502809,126.93992,37.503038,126.939885,37.503093,126.93972,37.503483,126.939416,37.504172,126.939358,37.504394,126.939357,37.50442,126.939358,37.504455,126.939372,37.504516,126.939435,37.504749,126.939518,37.50504
3:126.921679,37.504146,126.921578,37.503907,126.92125,37.503085,126.920831,37.502038,126.9206,37.501458,126.92023,37.500431,126.920119,37.499969,126.920114,37.499929
1:126.920503,37.499892,126.92065,37.500391,126.921729,37.50296,126.922188,37.504069
3:126.908877,37.500032,126.910245,37.499996,126.910639,37.499982,126.910726,37.499977,126.911566,37.499978,126.913133,37.49994,126.913541,37.49994,126.914214,37.499937,126.915273,37.499918,126.915682,37.499902,126.915733,37.499902,126.916086,37.499895,126.916213,37.499891,126.916829,37.499882,126.917162,37.499885,126.918556,37.499861,126.919602,37.499839,126.920243,37.499812,126.920368,37.499809
2:126.920256,37.500026,126.919613,37.500053,126.918563,37.500075,126.917163,37.500098,126.91683,37.500096,126.916221,37.500105,126.916095,37.500108,126.915737,37.500116,126.915689,37.500116,126.915282,37.500132,126.914218,37.50015,126.913541,37.500154,126.913137,37.500154,126.91157,37.500192,126.910735,37.500191,126.910655,37.500196,126.910255,37.50021,126.908886,37.500246
3:126.920369,37.499809,126.920941,37.499802,126.92142,37.499799,126.922527,37.499772,126.924075,37.499739,126.925312,37.49971,126.926637,37.499674,126.928196,37.499647
3:126.928202,37.499861,126.926645,37.499888,126.92532,37.499924,126.924083,37.499953,126.922534,37.499986,126.921425,37.500013,126.920944,37.500015,126.920374,37.500023,126.920252,37.500026
2:126.920114,37.499919,126.920115,37.499373,126.920083,37.498712,126.920053,37.49851
4:126.920466,37.498421,126.920501,37.498606,126.920514,37.498732,126.920524,37.499352,126.920512,37.49959,126.920506,37.499918
2:126.908517,37.499238,126.909142,37.499172,126.909211,37.499166,126.910035,37.499095,126.91092,37.499037,126.91104,37.499029,126.911725,37.498984,126.912357,37.498953,126.912686,37.498854,126.912769,37.49883,126.913667,37.498518,126.914864,37.49835,126.915314,37.498332,126.91604,37.498302,126.916481,37.49836,126.91686,37.498408,126.917115,37.498457,126.917376,37.498488,126.917876,37.498577,126.91816,37.498644,126.918241,37.498669,126.918581,37.498764,126.918661,37.498778,126.918751,37.498782,126.918773,37.498783,126.918954,37.498788,126.9191,37.498752,126.919489,37.498626,126.920132,37.498399
3:126.920395,37.498532,126.920245,37.498593,126.919595,37.498823,126.919191,37.498954,126.91899,37.499002,126.918756,37.498997,126.918731,37.498995,126.918624,37.49899,126.918507,37.49897,126.918148,37.498869,126.918074,37.498847,126.917808,37.498784,126.917326,37.498699,126.917063,37.498667,126.916807,37.498618,126.916438,37.498571,126.916024,37.498517,126.915328,37.498545,126.914895,37.498563,126.913746,37.498724,126.91287,37.499028,126.912781,37.499054,126.912414,37.499165,126.911744,37.499197,126.911062,37.499242,126.910941,37.49925,126.910061,37.499307,126.90924,37.499379,126.909174,37.499384,126.908552,37.49945
4:126.926658,37.492527,126.926667,37.492181,126.926682,37.492062,126.926744,37.491772,126.92685,37.491441,126.92693,37.491276,126.927078,37.49096,126.927482,37.490119,126.927784,37.489472,126.92782,37.489389,126.927895,37.489184
1:126.928076,37.489457,126.928037,37.489545,126.927734,37.490194,126.92733,37.491035,126.927182,37.491352,126.927107,37.491506,126.927008,37.491817,126.926949,37.49209,126.926936,37.492193,126.926927,37.492531
1:126.922621,37.490202,126.918218,37.490099,126.917755,37.490068,126.917461,37.490041,126.916936,37.489966,126.916693,37.489907,126.916414,37.489801,126.91613,37.489659,126.91586,37.489496,126.91565,37.489372,126.9132,37.487885,126.91207,37.487248,126.911481,37.486988,126.911071,37.486833,126.910375,37.486593,126.910018,37.486473,126.90899,37.486127,126.907607,37.485699,126.906618,37.485432,126.905791,37.485236
1:126.899959,37.485617,126.900862,37.485189,126.901171,37.485066,126.901435,37.484979,126.901799,37.484885,126.90204,37.48483,126.902304,37.484782,126.903034,37.484718,126.90345,37.484704,126.905194,37.48467,126.905621,37.484672,126.905848,37.484683,126.906114,37.484707,126.906327,37.484737,126.906594,37.484786,126.906874,37.484851,126.911038,37.486011,126.911468,37.486163,126.911988,37.486394,126.912382,37.486595,126.913313,37.487156,126.915867,37.488776,126.916293,37.48908,126.916509,37.48927,126.916782,37.489478,126.916918,37.489568,126.917074,37.489635,126.917217,37.489679,126.917383,37.489704,126.917724,37.489742,126.918106,37.489766,126.918369,37.48977,126.922331,37.489869,126.922479,37.489871,126.922772,37.489855
2:126.928229,37.499085,126.927593,37.49925,126.927319,37.499311,126.927078,37.499338,126.926815,37.499346,126.926601,37.499338,126.926397,37.49931,126.925957,37.499198,126.925274,37.498972,126.923997,37.498528,126.922442,37.498022,126.922236,37.497967
2:126.922321,37.497764,126.922536,37.497821,126.924102,37.498332,126.92538,37.498775,126.92605,37.498997,126.92646,37.499102,126.926631,37.499125,126.926817,37.499132,126.927054,37.499125,126.927263,37.499101,126.927514,37.499046,126.928145,37.498881
3:126.922127,37.497962,126.922062,37.497968,126.92181,37.498038,126.920975,37.498327,126.920939,37.49834,126.920388,37.498535
2:126.920125,37.498402,126.920274,37.498341,126.92083,37.498144,126.920866,37.498131,126.921711,37.497839,126.922,37.497759,126.922093,37.497749
3:126.928075,37.49866,126.927333,37.498413,126.926951,37.498319,126.926341,37.498209,126.925117,37.498025,126.924445,37.49794,126.924112,37.49792,126.923605,37.497889,126.923409,37.497881,126.923029,37.497859,126.92228,37.497843
3:126.922287,37.497629,126.923043,37.497646,126.923426,37.497668,126.923622,37.497676,126.924132,37.497706,126.924477,37.497727,126.925164,37.497814,126.926397,37.497999,126.92702,37.498113,126.927426,37.498212,126.92818,37.498463
3:126.922107,37.497835,126.921221,37.49778,126.921066,37.497778,126.920967,37.497772,126.920809,37.497766,126.920124,37.497714
2:126.919519,37.497465,126.919574,37.497457,126.920828,37.497553,126.920983,37.497559,126.921078,37.497564,126.921234,37.497566,126.922128,37.497622
3:126.917393,37.504059,126.917851,37.504045,126.918291,37.504057,126.920326,37.504041,126.920675,37.504042,126.921297,37.504032,126.921406,37.504025,126.921799,37.504005,126.922053,37.503995
2:126.922066,37.504209,126.921815,37.504218,126.921425,37.504238,126.921311,37.504246,126.920677,37.504256,126.920327,37.504255,126.918287,37.504271,126.917852,37.504259,126.917404,37.504273
3:126.932073,37.508843,126.932121,37.50844,126.932189,37.507117,126.932207,37.50685,126.932231,37.506707,126.932277,37.506568,126.932336,37.506468,126.932361,37.506431,126.932571,37.506216,126.932784,37.50607,126.933349,37.505779,126.933765,37.505575,126.934024,37.505496,126.934218,37.505475,126.934451,37.505485,126.934684,37.505534,126.935385,37.505699,126.935625,37.505746,126.935758,37.505752,126.93595,37.505747,126.936092,37.50571,126.936185,37.505676,126.936284,37.505628,126.936382,37.505573,126.936472,37.505487,126.936521,37.505443,126.936784,37.505195,126.937349,37.504631,126.937827,37.504166
3:126.938036,37.504301,126.937559,37.504765,126.936992,37.50533,126.936726,37.505581,126.936678,37.505626,126.936566,37.505732,126.936433,37.505806,126.936311,37.505865,126.936191,37.505909,126.935998,37.505959,126.935755,37.505966,126.935585,37.505958,126.935314,37.505906,126.934611,37.50574,126.934408,37.505698,126.934229,37.505689,126.934092,37.505704,126.933885,37.505768,126.933493,37.505959,126.932946,37.506241,126.932767,37.506364,126.932589,37.506547,126.932577,37.506564,126.932531,37.506642,126.932496,37.506748,126.932476,37.50687,126.932459,37.507128,126.93239,37.508454,126.932342,37.508863
3:126.938011,37.504147,126.938283,37.504305,126.938673,37.504539,126.939067,37.504776,126.939459,37.504973
1:126.939315,37.505154,126.938913,37.504952,126.93851,37.504709,126.938122,37.504477,126.937852,37.504319
3:126.931729,37.513301,126.93173,37.51313,126.931727,37.512925,126.931729,37.512874,126.931765,37.512568,126.931854,37.511596,126.932013,37.509533,126.932073,37.508846
3:126.932342,37.50886,126.932282,37.509547,126.932123,37.51161,126.932033,37.512586,126.931998,37.512888,126.931996,37.512928,126.931999,37.51313,126.931998,37.513302
2:126.932134,37.508942,126.9315,37.508614,126.931046,37.508361,126.930315,37.507984,126.929022,37.509038,126.928642,37.509323,126.928468,37.509382,126.928256,37.509403,126.928021,37.509329,126.92697,37.508771,126.926729,37.5087,126.926614,37.508681,126.926398,37.508683,126.926313,37.508688,126.925304,37.508922,126.924097,37.509233,126.923906,37.50928
4:126.924015,37.509029,126.925225,37.508717,126.926264,37.508476,126.926386,37.508469,126.92664,37.508467,126.926803,37.508494,126.927093,37.508579,126.928147,37.509139,126.928291,37.509184,126.928396,37.509173,126.928492,37.509141,126.928832,37.508886,126.930276,37.50771,126.931197,37.508184,126.931651,37.508437,126.932281,37.508763
2:126.923738,37.50921,126.923104,37.507626,126.9227,37.506615,126.922659,37.506524,126.922479,37.506097,126.922313,37.505687,126.922047,37.505069,126.921679,37.504144
2:126.922188,37.504069,126.922558,37.50499,126.92275,37.505484,126.922911,37.50591,126.923067,37.506349,126.923129,37.506494,126.924185,37.509098
2:126.924185,37.509097,126.924391,37.509595,126.924969,37.511042
2:126.9245,37.511114,126.924239,37.510434,126.923942,37.509707,126.923738,37.509211
3:126.923263,37.492891,126.924135,37.492757,126.924891,37.492643
4:126.924941,37.492854,126.924186,37.492967,126.923314,37.493101
4:126.924895,37.492643,126.925395,37.492579,126.926073,37.492485,126.926778,37.492423
3:126.926808,37.492635,126.926111,37.492697,126.925439,37.492789,126.924938,37.492854
4:126.923157,37.493019,126.922989,37.49241,126.922857,37.491898,126.922558,37.490608,126.922546,37.49054,126.922515,37.490391,126.92249,37.490102
2:126.922759,37.490088,126.922783,37.490367,126.922812,37.490507,126.922824,37.490573,126.923122,37.491858,126.923252,37.492366,126.92342,37.492973
2:126.924784,37.492769,126.924669,37.492293,126.924517,37.491656,126.924339,37.4909,126.924166,37.490156
3:126.924431,37.490117,126.924604,37.490861,126.924782,37.491616,126.924934,37.492253,126.925049,37.492728
2:126.922736,37.489861,126.923129,37.48975
2:126.922392,37.48971,126.923182,37.489744
2:126.923181,37.489744,126.923481,37.489755,126.923838,37.489759
3:126.924296,37.490243,126.923469,37.490233,126.923007,37.49022,126.922894,37.490216,126.922616,37.490202
1:126.923837,37.489759,126.924841,37.489766,126.925388,37.489723,126.925567,37.489696,126.925704,37.489672,126.926364,37.48955,126.926984,37.489427,126.927594,37.489254,126.927826,37.489171,126.927965,37.489117
1:126.928014,37.489515,126.927782,37.489617,126.927498,37.489722,126.927278,37.489794,126.926873,37.489912,126.926235,37.490044,126.926038,37.490076,126.9258,37.490112,126.925468,37.49016,126.924867,37.490224,126.924304,37.490243
4:126.918176,37.5109,126.918553,37.510546,126.91877,37.510336,126.919061,37.510063,126.919329,37.509818,126.919625,37.509542,126.919804,37.509397,126.919995,37.50927,126.920202,37.509157,126.920809,37.508854,126.920949,37.508799,126.921198,37.508721,126.921401,37.508688,126.921794,37.508674,126.922161,37.508766,126.92268,37.508969,126.923031,37.509091,126.923314,37.509191,126.92335,37.509197,126.923373,37.509198,126.923406,37.509192,126.923495,37.509169,126.923823,37.509076,126.924017,37.509029
3:126.923911,37.509278,126.923583,37.509371,126.923479,37.509398,126.923395,37.509414,126.923315,37.509409,126.923232,37.509396,126.922922,37.509287,126.922567,37.509163,126.92206,37.508965,126.921758,37.50889,126.921434,37.508901,126.921275,37.508927,126.921059,37.508994,126.920941,37.509041,126.920351,37.509335,126.920159,37.50944,126.919987,37.509555,126.919824,37.509686,126.919534,37.509958,126.919266,37.510202,126.918977,37.510473,126.91876,37.510683,126.91838,37.511039,126.91768,37.511667,126.91727,37.512016,126.917009,37.512249
1:126.923299,37.490223,126.922737,37.490063,126.922219,37.489925,126.920261,37.489871,126.920157,37.489879,126.919746,37.489883,126.919513,37.48987,126.919317,37.489844,126.918854,37.489727,126.918607,37.489638,126.918452,37.489564
3:126.918548,37.489368,126.919289,37.48949,126.919576,37.489534,126.920192,37.489638,126.920279,37.489658,126.922244,37.489712,126.922383,37.48971
4:126.920057,37.498525,126.920027,37.498438,126.919995,37.498354,126.919943,37.498263,126.919676,37.497996,126.919612,37.497945,126.919538,37.497896,126.919473,37.497866,126.919343,37.497815,126.919029,37.497733
4:126.919609,37.497477,126.919739,37.497534,126.919927,37.497652,126.920046,37.497746,126.920187,37.497907,126.920308,37.498068,126.920384,37.498185,126.920434,37.498302,126.920465,37.498415
2:126.919031,37.497734,126.918693,37.497651,126.918488,37.497609,126.918344,37.49759,126.91823,37.497582,126.917866,37.497582,126.917708,37.497573
3:126.917249,37.497436,126.917238,37.497371,126.91724,37.497313,126.917251,37.497256,126.917281,37.497203,126.917325,37.497159,126.91738,37.497129,126.917448,37.49709,126.917436,37.497099,126.917487,37.497011,126.91898,37.497323,126.919583,37.497468
1:126.928065,37.499745,126.928086,37.499545,126.928052,37.498988
3:126.928322,37.498978,126.928356,37.499549,126.928333,37.499763
1:126.928053,37.498995,126.927994,37.498576,126.927804,37.497614,126.927654,37.496882,126.92755,37.496416,126.927492,37.496144,126.927462,37.496013,126.927449,37.495957,126.927296,37.495325,126.927214,37.494953,126.927114,37.494546,126.926719,37.492864,126.926706,37.4928,126.926659,37.492544
2:126.926926,37.492513,126.926973,37.492768,126.926985,37.492827,126.927379,37.494506,126.927479,37.494914,126.927561,37.495287,126.927714,37.495917,126.927727,37.495974,126.927757,37.496108,126.927815,37.496379,126.92792,37.496846,126.92807,37.497581,126.928261,37.498548,126.928321,37.498971
2:126.937847,37.504316,126.937433,37.504049,126.937135,37.503865,126.936805,37.503658,126.936319,37.503357,126.935801,37.503034,126.934586,37.502279,126.934363,37.502131
1:126.934536,37.501967,126.934755,37.502113,126.935967,37.502865,126.936486,37.503188,126.936972,37.50349,126.937301,37.503697,126.937601,37.503882,126.938017,37.50415
3:126.934367,37.502134,126.933294,37.501469,126.932503,37.500983,126.931852,37.500586,126.931362,37.500301,126.931013,37.500104,126.930594,37.499916,126.930401,37.499853,126.930265,37.499841,126.930018,37.499818,126.929409,37.499833,126.928203,37.499861
2:126.928195,37.499647,126.929401,37.499619,126.93003,37.499604,126.930295,37.499629,126.930469,37.499644,126.930712,37.499724,126.931158,37.499924,126.931519,37.500128,126.932014,37.500415,126.932667,37.500813,126.93346,37.5013,126.934533,37.501965
4:126.934317,37.502032,126.934337,37.501932,126.934297,37.50158,126.934254,37.501467,126.934011,37.501199,126.933911,37.501098,126.933729,37.50101,126.933151,37.500817,126.932922,37.500693,126.932553,37.500433,126.932393,37.500288,126.932249,37.500101,126.931994,37.499825,126.931662,37.49959,126.931117,37.499346,126.930983,37.499291,126.930477,37.499146,126.930018,37.499064,126.929106,37.498988,126.928593,37.498973,126.928236,37.499083
3:126.928138,37.498883,126.928548,37.498758,126.929125,37.498774,126.930062,37.498853,126.930552,37.49894,126.931091,37.499095,126.931245,37.499158,126.93182,37.499415,126.932194,37.499681,126.932473,37.499982,126.932611,37.500161,126.932744,37.500282,126.933089,37.500525,126.93328,37.500628,126.933852,37.500819,126.934093,37.500936,126.934226,37.50107,126.934499,37.501371,126.934563,37.501539,126.934609,37.501939,126.934583,37.502066


