2:126.927153,37.530239,126.925706,37.529378,126.924372,37.528547
2:126.924538,37.528379,126.92587,37.529209,126.927314,37.530068
1:126.950968,37.529928,126.950936,37.529911,126.944509,37.526555,126.938868,37.523594
1:126.939016,37.523416,126.944657,37.526377,126.951086,37.529733,126.951119,37.529751
1:126.923282,37.529359,126.92338,37.529249,126.924043,37.528549,126.92428,37.528466,126.924349,37.528397
3:126.92456,37.52853,126.924486,37.528604,126.924474,37.528634,126.924451,37.528798,126.924095,37.529171,126.923699,37.529607
2:126.92331,37.529505,126.922472,37.528985,126.921885,37.528628,126.921296,37.52827,126.920707,37.527895,126.92013,37.527532,126.919245,37.527013
3:126.919405,37.526841,126.920294,37.527363,126.920875,37.527728,126.921462,37.528102,126.922049,37.528458,126.922637,37.528816,126.923476,37.529337,126.923674,37.529461
3:126.927986,37.529655,126.9292,37.529116,126.929481,37.528961,126.929733,37.528811,126.93017,37.528507
3:126.930347,37.528668,126.929903,37.528977,126.929639,37.529134,126.929343,37.529297,126.928118,37.529842
1:126.930391,37.528608,126.930325,37.528874,126.930319,37.528973,126.930331,37.529166,126.930335,37.529182,126.930526,37.529485,126.930756,37.529717
2:126.930167,37.528509,126.930582,37.528202,126.932476,37.526793
1:126.932661,37.526949,126.930766,37.528358,126.93035,37.528665
2:126.929185,37.529289,126.92611,37.527266
2:126.929879,37.528805,126.929031,37.52826,126.927851,37.527495,126.926435,37.526584,126.926437,37.526939,126.926476,37.526964,126.927992,37.527922,126.929644,37.528964
2:126.924372,37.528548,126.923845,37.528222,126.923253,37.527858,126.923042,37.527721,126.92231,37.527255,126.920277,37.52598
1:126.920055,37.52557,126.920444,37.525812,126.922478,37.527088,126.923211,37.527555,126.923421,37.527691,126.92401,37.528053,126.924538,37.528379
1:126.918272,37.52723,126.918861,37.526631,126.919547,37.525916,126.919865,37.525588
2:126.920465,37.525963,126.92014,37.526282,126.919431,37.526992,126.918869,37.52758
1:126.932477,37.526793,126.933496,37.526044,126.934731,37.52511,126.935128,37.52479
2:126.93532,37.52494,126.93492,37.525262,126.93368,37.5262,126.93266,37.52695
2:126.932484,37.526955,126.931894,37.52658,126.93154,37.526352,126.930116,37.525478,126.929672,37.525201,126.928388,37.524447
2:126.928548,37.524275,126.929835,37.525031,126.930282,37.52531,126.931707,37.526184,126.932063,37.526413,126.932653,37.526788
1:126.935131,37.524787,126.936333,37.523882,126.937602,37.52291
1:126.93779,37.523064,126.936519,37.524037,126.935317,37.524942
3:126.935132,37.524943,126.934992,37.524839,126.934699,37.524631,126.934303,37.524386,126.933144,37.523662,126.93252,37.523272,126.931919,37.522911,126.930839,37.522228,126.930672,37.522127
3:126.930835,37.521957,126.931005,37.52206,126.932084,37.522742,126.932685,37.523103,126.933311,37.523494,126.934469,37.524218,126.934872,37.524467,126.935174,37.524681,126.935316,37.524787
2:126.921228,37.524249,126.920099,37.523529,126.917858,37.522076,126.917404,37.5218
2:126.917632,37.521407,126.917675,37.521421,126.918168,37.521707,126.920544,37.523254,126.921569,37.523906
1:126.938891,37.523604,126.938776,37.523566,126.938314,37.523486,126.938129,37.523406,126.938039,37.523383,126.937949,37.52337,126.937861,37.523367,126.937753,37.523371,126.937655,37.523392,126.937569,37.523416,126.937488,37.523451,126.937419,37.523486,126.936881,37.523891,126.936489,37.524054
2:126.937608,37.523067,126.937435,37.522948,126.937108,37.522742,126.936909,37.522615,126.936399,37.522305,126.935847,37.521949,126.935641,37.521817,126.935378,37.521555
1:126.93887,37.523595,126.938435,37.523376,126.938,37.523144,126.937565,37.522943,126.935723,37.521801,126.935394,37.521568
1:126.935554,37.521397,126.935931,37.52158,126.937768,37.522716,126.938152,37.522968,126.938582,37.523198,126.939014,37.523415
3:126.935401,37.521573,126.935262,37.521488,126.934671,37.521115,126.934076,37.520743,126.933755,37.520555,126.932826,37.519974
1:126.932993,37.519806,126.933918,37.520385,126.93424,37.520573,126.934838,37.520948,126.935428,37.52132,126.935565,37.521403
3:126.930647,37.521977,126.931747,37.52084,126.932603,37.520011,126.932806,37.519821
3:126.933012,37.519959,126.93281,37.520147,126.931959,37.520973,126.93086,37.522107
2:126.923985,37.521667,126.923769,37.521525,126.923668,37.52146,126.923326,37.521238,126.922638,37.520804,126.921736,37.520265,126.921509,37.520123,126.920596,37.519572,126.920543,37.519523
2:126.920749,37.519385,126.920783,37.519416,126.921674,37.519954,126.921901,37.520096,126.922803,37.520635,126.923495,37.521071,126.923839,37.521295,126.92394,37.52136,126.924159,37.521504,126.924373,37.521654
2:126.917453,37.52147,126.917615,37.52111,126.917703,37.520994,126.917794,37.520911,126.917919,37.520817,126.918126,37.520668,126.918514,37.520406,126.918966,37.520114,126.919346,37.519895,126.919538,37.519809,126.920582,37.51936
2:126.920711,37.519548,126.919668,37.519996,126.919492,37.520075,126.91913,37.520284,126.918686,37.52057,126.918304,37.520829,126.918102,37.520974,126.917989,37.521058,126.917922,37.52112,126.91786,37.521202,126.917707,37.521542,126.917612,37.521751
2:126.940202,37.520931,126.940423,37.52074,126.94061,37.520523,126.940691,37.520402,126.940724,37.520335,126.940764,37.520211,126.940793,37.520095,126.940818,37.519975,126.940824,37.51987,126.940824,37.519781,126.94081,37.51967,126.94076,37.519409
2:126.941027,37.519377,126.941078,37.519644,126.941093,37.51977,126.941094,37.519874,126.941086,37.519998,126.941058,37.520133,126.941027,37.520259,126.940981,37.520402,126.940936,37.520492,126.940841,37.520634,126.940634,37.520873,126.940401,37.521075
1:126.940217,37.521086,126.939833,37.520838,126.93951,37.520643,126.939144,37.520412,126.939005,37.520331,126.937964,37.519679,126.937887,37.519623,126.936208,37.51859,126.935241,37.51797,126.935067,37.517852,126.934929,37.517757
3:126.935105,37.51759,126.935243,37.51769
3:126.935242,37.517689,126.935414,37.517805,126.936376,37.518422,126.93806,37.51945899999999,126.938139,37.519515,126.939169,37.520161,126.939308,37.520243,126.939676,37.52047499999999,126.939999,37.520669,126.940387,37.52092
3:126.935242,37.51741299999999,126.935257,37.517429,126.935273,37.517459,126.935279,37.517489,126.935275,37.51771399999999,126.935275,37.517725,126.935275,37.517729,126.935276,37.517732,126.93526,37.5177,126.93527,37.517715
3:126.932803,37.519824,126.933001,37.519625,126.933871,37.518744,126.934655,37.517896,126.934738,37.517807,126.934767,37.517777,126.934898,37.517624,126.934999,37.517443,126.935019,37.517418,126.935036,37.517404
3:126.935232,37.51755,126.935231,37.517552,126.935236,37.517545,126.935135,37.517728,126.934986,37.517901,126.934955,37.517934,126.934872,37.518023,126.934086,37.518873,126.933213,37.519757,126.933015,37.519956
3:126.932826,37.519974,126.932571,37.519814,126.9322,37.519609,126.93192,37.519431,126.931803,37.51935,126.931429,37.519118,126.931315,37.519047,126.931068,37.518894,126.930672,37.518649,126.929189,37.517708,126.928832,37.517537,126.92867,37.517433,126.928572,37.517356,126.928498,37.517277,126.928438,37.517197,126.928386,37.517103,126.928328,37.516984
2:126.928707,37.516919,126.928721,37.516945,126.928746,37.516991,126.928793,37.517069,126.928821,37.517121,126.928845,37.517153,126.92891,37.517213,126.929194,37.517424,126.929353,37.517538,126.93084,37.518481,126.931234,37.518726,126.931481,37.518878,126.931595,37.51895,126.931975,37.519185,126.932093,37.519267,126.932361,37.519437,126.932732,37.519643,126.932993,37.519806
2:126.940766,37.519426,126.940679,37.519216,126.940518,37.518952,126.940362,37.51876,126.940146,37.518573,126.939995,37.518472,126.939847,37.51839,126.939708,37.518327,126.939575,37.51829,126.939065,37.518181,126.938577,37.518114,126.937233,37.517911,126.936307,37.517751,126.935111,37.517582
1:126.935158,37.517372,126.936359,37.517541,126.937287,37.517702,126.938626,37.517904,126.939123,37.517972,126.939654,37.518085,126.939821,37.518131,126.939992,37.51821,126.940159,37.518303,126.940333,37.518418,126.940576,37.518629,126.940754,37.518847,126.94093,37.519136,126.941022,37.51936
1:126.936466,37.515154,126.939047,37.515634,126.939934,37.515817,126.940841,37.515983,126.942101,37.516157,126.942725,37.516249,126.944659,37.51649,126.945504,37.516583,126.946565,37.516619
1:126.946554,37.516832,126.94548,37.516796,126.94462,37.516702,126.942679,37.51646,126.942053,37.516368,126.940788,37.516192,126.93987,37.516025,126.938982,37.515841,126.936405,37.515362
1:126.920586,37.519358,126.924262,37.51789
2:126.924383,37.518081,126.920707,37.519549
3:126.924422,37.517914,126.924525,37.518005,126.92467,37.518098,126.925038,37.518346,126.9251,37.518383,126.92599,37.518924,126.926439,37.519197,126.926631,37.519318
3:126.92625,37.519215,126.927447,37.518003,126.928079,37.517409,126.928153,37.517322,126.928217,37.517222,126.928263,37.517123,126.92831,37.516986,126.928321,37.516929
2:126.928714,37.516986,126.928663,37.517149,126.928611,37.517279,126.928558,37.517392,126.928508,37.517479,126.928456,37.517555,126.928406,37.517614,126.927662,37.518418,126.926654,37.519466
2:126.924263,37.51789,126.92552,37.517403,126.926292,37.517163,126.92664,37.517076,126.927173,37.516969,126.927999,37.516856,126.928288,37.516838,126.928438,37.516835,126.928474,37.51684,126.928603,37.516855
1:126.928434,37.517051,126.92842,37.517049,126.928302,37.517051,126.928033,37.517069,126.927229,37.517179,126.926713,37.517282,126.926382,37.517364,126.925629,37.517598,126.924381,37.518082
3:126.93511,37.517582,126.934625,37.517511
3:126.934905,37.517735,126.934831,37.517648,126.934786,37.517595,126.93474,37.51755899999999,126.934707,37.517543,126.934594,37.517503
3:126.93463,37.51751099999999,126.934361,37.51748,126.934114,37.517454,126.933216,37.517359,126.932429,37.517304,126.930049,37.517134,126.928633,37.517069,126.92857,37.517067,126.928434,37.517051
2:126.92859,37.516854,126.928647,37.516856,126.930069,37.516921,126.932453,37.517091,126.933245,37.517147,126.934149,37.517243,126.934398,37.517268,126.934671,37.5173,126.935159,37.517372
1:126.92833,37.516987,126.928234,37.516806,126.928177,37.516713,126.926936,37.514976,126.926917,37.514948
3:126.927314,37.514789,126.927358,37.514848,126.92853,37.516581,126.928572,37.516657,126.928708,37.51692
1:126.926912,37.514942,126.92684,37.514818,126.926816,37.514778,126.926135,37.513909,126.926012,37.513735,126.925336,37.512748,126.925137,37.512434,126.925042,37.512236,126.924715,37.511467,126.924675,37.511386,126.924509,37.511132
1:126.924973,37.511056,126.925018,37.511262,126.925048,37.511356,126.925165,37.511617,126.925405,37.512215,126.925485,37.512365,126.925599,37.512538,126.925846,37.512884,126.926341,37.513594,126.926499,37.513801,126.927146,37.514615,126.927172,37.514645,126.927304,37.514778
2:126.91878,37.514138,126.919019,37.514021,126.919062,37.513996,126.919791,37.513811,126.920757,37.513597,126.920925,37.513554,126.922327,37.513228,126.923592,37.512908,126.92454,37.512694,126.92492,37.512621,126.925297,37.51255
1:126.925359,37.512758,126.924983,37.512828,126.924609,37.512901,126.92367,37.513113,126.922406,37.513432,126.921004,37.513758,126.920835,37.513802,126.919868,37.514016,126.919184,37.51419,126.919168,37.514199,126.918922,37.51432
2:126.944368,37.514007,126.944234,37.513999,126.944091,37.513994,126.943631,37.51396,126.942523,37.513892,126.942416,37.513885,126.940335,37.513743
2:126.940212,37.513347,126.94055,37.51336,126.942008,37.513464,126.942506,37.513495,126.943698,37.51357,126.944293,37.513627
1:126.94034,37.513743,126.940021,37.513731,126.938733,37.513657,126.936853,37.513528,126.936554,37.513512,126.934784,37.513401,126.934417,37.513378,126.931985,37.513407,126.931866,37.513408
2:126.931861,37.513023,126.932035,37.51302,126.934411,37.513008,126.934823,37.513027,126.936689,37.513131,126.93731,37.513184,126.937695,37.513218,126.938423,37.513266,126.93875,37.513283,126.939862,37.513323,126.940218,37.513347
3:126.940071,37.513452,126.940076,37.513171,126.94008,37.512517,126.940081,37.512178,126.940078,37.511942,126.940071,37.511834,126.940048,37.510638,126.94005,37.509988,126.939993,37.508337,126.939983,37.508184,126.939877,37.507564,126.939795,37.507183,126.939724,37.506887,126.93947,37.505942,126.939445,37.505831,126.939394,37.505605,126.939331,37.50534,126.939256,37.505088
3:126.939518,37.505039,126.939595,37.505295,126.939659,37.505567,126.939711,37.505794,126.939734,37.505901,126.939988,37.506845,126.94006,37.507145,126.940144,37.507531,126.940252,37.508164,126.940262,37.508329,126.940319,37.509986,126.940318,37.510636,126.94034,37.511826,126.940348,37.511935,126.94035,37.512177,126.94035,37.512518,126.940346,37.513173,126.940341,37.513455
1:126.931865,37.513408,126.929389,37.513425,126.928584,37.513404,126.928311,37.513341,126.926712,37.512947,126.926134,37.512824,126.925822,37.512785,126.925642,37.51277,126.925382,37.512759,126.925333,37.512761
2:126.925323,37.512547,126.925361,37.512546,126.925519,37.512509,126.925608,37.512497,126.925687,37.51249,126.926016,37.512497,126.926217,37.512526,126.926614,37.512577,126.927929,37.51286,126.928416,37.512988,126.928643,37.513032,126.929305,37.51306,126.929857,37.513056,126.931668,37.513023,126.931864,37.513023
2:126.916639,37.517247,126.916742,37.517269,126.916815,37.517285,126.916874,37.517294,126.916914,37.517297,126.916959,37.517295,126.917121,37.517281,126.917152,37.517274,126.917355,37.517204,126.918473,37.516931,126.91865,37.516891,126.918797,37.516872,126.918931,37.516865,126.919084,37.516864,126.919349,37.516849,126.91961,37.516813,126.91976,37.5168
3:126.920401,37.516502,126.920347,37.516512,126.920222,37.516524,126.918559,37.517133,126.917449,37.517404,126.91724,37.517477,126.917171,37.517491,126.916978,37.517509,126.91691,37.517511,126.916837,37.517507,126.916752,37.517493,126.916671,37.517475,126.91657,37.517453
3:126.931729,37.513301,126.93173,37.51313,126.931727,37.512925,126.931729,37.512874,126.931765,37.512568,126.931854,37.511596,126.932013,37.509533,126.932073,37.508846
3:126.932342,37.50886,126.932282,37.509547,126.932123,37.51161,126.932033,37.512586,126.931998,37.512888,126.931996,37.512928,126.931999,37.51313,126.931998,37.513302
2:126.924185,37.509097,126.924391,37.509595,126.924969,37.511042
2:126.9245,37.511114,126.924239,37.510434,126.923942,37.509707,126.923738,37.509211
2:126.920277,37.52598,126.919889,37.525738,126.918597,37.524946
3:126.918761,37.524777,126.920054,37.525569
1:126.926113,37.527268,126.925544,37.526916,126.924069,37.526005,126.92123,37.52425
3:126.921568,37.523905,126.924402,37.525671,126.926229,37.526809,126.926391,37.526911
2:126.922161,37.523978,126.923089,37.524548,126.92334,37.524657,126.923733,37.524895,126.924388,37.525301
3:126.923451,37.522835,126.923424,37.522872,126.923372,37.522924,126.922963,37.523361,126.922183,37.52413
4:126.922969,37.522447,126.923421,37.522022,126.923894,37.521595,126.92392,37.521568,126.923963,37.521522
1:126.924392,37.521799,126.924327,37.521867,126.924124,37.522093,126.923558,37.522719,126.923444,37.522844
1:126.923971,37.521514,126.924034,37.521458,126.924175,37.521322,126.924502,37.520996,126.924533,37.520966,126.925901,37.519579
3:126.925565,37.520652,126.925161,37.521054,126.924605,37.521594,126.924452,37.521736,126.924431,37.521757,126.924392,37.521798
4:126.9259,37.51958,126.926157,37.519314,126.926248,37.519217
1:126.926656,37.519464,126.926312,37.519847,126.925569,37.520649
1:126.926158,37.526567,126.92645,37.526271,126.92664,37.526077,126.926852,37.525861,126.927258,37.52545,126.927609,37.525083
3:126.927824,37.525212,126.927471,37.525581,126.927065,37.525993,126.926852,37.526209,126.926662,37.526402,126.92637,37.526699
3:126.927609,37.525084,126.92792,37.524753,126.928131,37.524522,126.928363,37.524294
1:126.928573,37.524429,126.928345,37.524652,126.928137,37.52488,126.927825,37.525212
1:126.928362,37.524296,126.928552,37.524102,126.929516,37.523091
3:126.929731,37.52322,126.928766,37.524232,126.928575,37.524427
1:126.929518,37.523089,126.930516,37.52211,126.930647,37.521976
1:126.93086,37.522108,126.930727,37.522243,126.929728,37.523223
3:126.927184,37.525232,126.926901,37.525053,126.926875,37.525036,126.926742,37.524952,126.92637,37.524717,126.925732,37.524349,126.925459,37.52419
3:126.925619,37.524018,126.925891,37.524177,126.926533,37.524547,126.926909,37.524785,126.927047,37.524871,126.927073,37.524889,126.927352,37.525065
2:126.925456,37.524189,126.924546,37.523627,126.923425,37.522926
3:126.923592,37.522758,126.924712,37.523459,126.925621,37.52402
4:126.925641,37.524174,126.925331,37.524459,126.92499,37.524822,126.924913,37.524893,126.924648,37.525182,126.924416,37.525446
3:126.924429,37.525057,126.924701,37.524761,126.924779,37.524688,126.92512,37.524325,126.925437,37.524034
3:126.923911,37.509278,126.923583,37.509371,126.923479,37.509398,126.923395,37.509414,126.923315,37.509409,126.923232,37.509396,126.922922,37.509287,126.922567,37.509163,126.92206,37.508965,126.921758,37.50889,126.921434,37.508901,126.921275,37.508927,126.921059,37.508994,126.920941,37.509041,126.920351,37.509335,126.920159,37.50944,126.919987,37.509555,126.919824,37.509686,126.919534,37.509958,126.919266,37.510202,126.918977,37.510473,126.91876,37.510683,126.91838,37.511039,126.91768,37.511667,126.91727,37.512016,126.917009,37.512249
3:126.928385,37.524446,126.927295,37.523771,126.927186,37.523703,126.926439,37.523222,126.926285,37.523131
4:126.926447,37.522959,126.926605,37.523054,126.927354,37.523536,126.927461,37.523602,126.928551,37.524277
3:126.926281,37.523128,126.925501,37.522631,126.924578,37.52206,126.924426,37.521964,126.924197,37.521816,126.923982,37.521665
3:126.924369,37.521652,126.924595,37.521797,126.924745,37.521892,126.925669,37.522464,126.92645,37.522962
3:126.926259,37.52298,126.927411,37.521794
4:126.927625,37.521924,126.926473,37.52311
3:126.929541,37.52324,126.927435,37.521944
3:126.927433,37.521942,126.926742,37.521499,126.926091,37.521091,126.92538,37.520671
3:126.927413,37.521793,126.92755,37.521656,126.927769,37.521437,126.928174,37.521036,126.928242,37.520969,126.928538,37.520674
3:126.928749,37.520808,126.928452,37.521103,126.928384,37.52117,126.92798,37.52157,126.927761,37.521789,126.927623,37.521926
3:126.928724,37.520655,126.929365,37.521034,126.929985,37.521431,126.930656,37.521856,126.930831,37.521955
3:126.926633,37.51932,126.927374,37.51981,126.927463,37.519871,126.927998,37.5202,126.928065,37.520233,126.928728,37.520658
1:126.934531,37.514859,126.935672,37.51485,126.936574,37.514987,126.937819,37.515189,126.938737,37.515336,126.939129,37.515406,126.940292,37.515611,126.941687,37.51583
1:126.940663,37.516364,126.940146,37.516275,126.939765,37.516199,126.938962,37.515998,126.938401,37.515857,126.937239,37.515598,126.93639,37.515358
1:126.940968,37.516491,126.940868,37.516803,126.940698,37.51737899999999,126.9406,37.517645
1:126.945725,37.516952,126.945586,37.51696199999999,126.945367,37.516939,126.944956,37.516874,126.943695,37.516735,126.941147,37.51644,126.94105,37.516429,126.940663,37.516364
1:126.940605,37.517628,126.940547,37.518013,126.940551,37.518077,126.940564,37.518123,126.940595,37.518206,126.940625,37.518255,126.940887,37.518578,126.940944,37.518671,126.941015,37.518853,126.941045,37.519015,126.941028,37.519396
1:126.938032,37.517543,126.938145,37.517569,126.938403,37.51761,126.939714,37.517801
1:126.938524,37.517922,126.938606,37.517876,126.938688,37.517843,126.938844,37.517797,126.939025,37.51777,126.939264,37.51776,126.939705,37.5178
1:126.939716,37.51780099999999,126.939896,37.51782899999999,126.940007,37.517828,126.940079,37.5178,126.940171,37.517757,126.940263,37.517688,126.94031,37.517639,126.940334,37.517602,126.940342,37.517583,126.940437,37.517324,126.940606,37.516752,126.940707,37.516438
1:126.940598,37.51765,126.940583,37.517686,126.940539,37.517753,126.940464,37.517832,126.940339,37.517925,126.940204,37.517996,126.940059,37.518041,126.939872,37.518043,126.93967,37.518012,126.939255,37.517976,126.939057,37.517983,126.938916,37.518004,126.938795,37.518039,126.938745,37.518059,126.938679,37.518097
1:126.937598,37.522913,126.937788,37.522754,126.937896,37.522676,126.939364,37.521594
2:126.939548,37.52175,126.938079,37.522833,126.937978,37.522906,126.937794,37.52306
1:126.939361,37.521597,126.940206,37.520927
1:126.940397,37.521078,126.939551,37.521748
1:126.939564,37.521736,126.939171,37.522151,126.938512,37.52266,126.938477,37.522714,126.93846,37.522759,126.938452,37.522827,126.938462,37.522887,126.938486,37.522934,126.938537,37.522991,126.938681,37.523092,126.938947,37.523364,126.939033,37.523426
1:126.942472,37.537581,126.94221,37.53743,126.941095,37.536755,126.937081,37.53427,126.931098,37.530536,126.930004,37.529885,126.92918,37.529285
1:126.929647,37.528966,126.930738,37.529701,126.931194,37.530006,126.940815,37.536007,126.941394,37.536364,126.942688,37.537171
3:126.935521,37.521386,126.935809,37.521453,126.93587,37.521475,126.935986,37.521526,126.936392,37.521782,126.936823,37.522061,126.93716,37.522263,126.93718,37.522274,126.937331,37.522359,126.937421,37.522412,126.937755,37.522617,126.937879,37.522691
1:126.918299,37.527209,126.918516,37.527085,126.9191,37.526631,126.919301,37.526471,126.92011,37.525654,126.922757,37.522936,126.922779,37.522906,126.922877,37.522562,126.922959,37.522459
1:126.923419,37.522865,126.92336,37.522902,126.922995,37.523052,126.922968,37.52307,126.920323,37.525785,126.919517,37.526598,126.91941,37.526777,126.919098,37.527217,126.918883,37.527562
3:126.931924,37.514992,126.93253,37.5151,126.933263,37.515242,126.934243,37.515419,126.935496,37.515655,126.937203,37.515972,126.938397,37.516192,126.939807,37.516455,126.941123,37.516699,126.941946,37.516854,126.942737,37.517006,126.943346,37.517117,126.943732,37.517192,126.944108,37.517259,126.944409,37.51731,126.944712,37.517353,126.944989,37.517385,126.945256,37.517405,126.945508,37.517416,126.945794,37.517414,126.945983,37.517405,126.946227,37.517387,126.946488,37.517355,126.946786,37.517307,126.947054,37.517251,126.947234,37.517205,126.947443,37.517147,126.947581,37.517104,126.947685,37.51707,126.947953,37.516963,126.948118,37.516892,126.948459,37.516732,126.948642,37.516644,126.948938,37.516483,126.949231,37.516309,126.949457,37.516189,126.949751,37.516045,126.950027,37.515919,126.950344,37.515783,126.950615,37.515678,126.95084,37.5156,126.951013,37.515542,126.951552,37.515365
3:126.944991,37.517784,126.944703,37.517755,126.944436,37.51772,126.944041,37.517654,126.943294,37.517512,126.940244,37.516946,126.9388,37.516677,126.937179,37.516374,126.935522,37.516071
1:126.931886,37.51499,126.932299,37.514969,126.932987,37.515093,126.935528,37.515554,126.936344,37.5157,126.937256,37.515858
1:126.937227,37.515856,126.93767,37.515855,126.938357,37.515861,126.93859,37.515846,126.938807,37.515806,126.939345,37.51569,126.93958,37.515646,126.939807,37.515619,126.939999,37.515609,126.940265,37.515608
1:126.94255,37.517542,126.942014,37.517456,126.941663,37.517382,126.941279,37.517282,126.940815,37.517157,126.940509,37.5171,126.940291,37.51706,126.940077,37.517039,126.939698,37.51701,126.939489,37.516984,126.939168,37.516924,126.93895,37.516873,126.938661,37.5168,126.937719,37.516566,126.937226,37.516488
2:126.937259,37.515859,126.943904,37.517133,126.944434,37.517207,126.944922,37.517256,126.945735,37.517247,126.946396,37.517222,126.947273,37.5172
2:126.941271,37.519553,126.941217,37.51972599999999,126.941181,37.51981899999999,126.941077,37.520026
2:126.941264,37.51957,126.941207,37.51967299999999,126.941175,37.519727,126.941138,37.519775,126.941059,37.519846
2:126.942583,37.517544,126.94226,37.517556,126.942138,37.51758399999999,126.942063,37.517622,126.94198,37.51767499999999,126.941911,37.517746,126.941663,37.518104,126.941549,37.518324,126.9415,37.518462,126.941331,37.519307,126.941273,37.519548
1:126.9407,37.517333,126.940777,37.517685,126.940803,37.51775,126.940848,37.517804,126.940905,37.517846,126.94098,37.517878,126.941068,37.517895,126.94116,37.517898,126.941258,37.517883,126.941348,37.517852,126.941431,37.517805,126.941494,37.517743,126.94154,37.517672,126.941563,37.517596,126.941562,37.517524,126.941538,37.517461,126.941493,37.517409,126.941423,37.517364,126.941246,37.517269
1:126.940103,37.517039,126.939876,37.517055,126.93974,37.517065,126.939672,37.517098,126.939634,37.517127,126.939595,37.517171,126.939582,37.517198,126.939573,37.517259,126.939582,37.517356,126.939587,37.517409,126.93961,37.517485,126.939643,37.517533,126.939707,37.517587,126.939772,37.517624,126.939829,37.517652,126.939906,37.517669,126.93999,37.517674,126.940051,37.517668,126.940122,37.51765,126.940188,37.517619,126.940256,37.517563,126.940326,37.517468,126.940451,37.517298
1:126.93632,37.51754,126.936332,37.517539,126.936577,37.517478,126.936629,37.517478,126.938002,37.517539,126.938444,37.51756,126.938743,37.517573,126.93884,37.517565,126.938912,37.517549,126.939005,37.51751,126.939105,37.517434,126.939178,37.517326,126.939201,37.517265,126.939201,37.517193,126.93919,37.517148,126.939167,37.517099,126.939129,37.517044,126.939061,37.516983,126.938974,37.516932,126.938806,37.516879,126.938598,37.516822,126.937212,37.516485
1:126.917494,37.517701,126.919716,37.51681,126.920311,37.516593,126.921726,37.516113,126.922925,37.515699,126.924367,37.515152
1:126.924483,37.515345,126.923037,37.515893,126.921833,37.51631,126.92042,37.516788,126.919833,37.517002,126.917616,37.517891
1:126.924378,37.515149,126.924799,37.515026,126.925357,37.514868,126.926026,37.514702,126.926497,37.514608,126.926942,37.514538,126.927422,37.51449,126.927939,37.51445,126.928488,37.514423,126.928988,37.514417,126.929328,37.514419,126.92985,37.514448
1:126.929831,37.514661,126.929317,37.514633,126.928989,37.514631,126.928498,37.514637,126.927961,37.514663,126.927452,37.514703,126.926985,37.514749,126.926557,37.514817,126.926099,37.514908,126.925442,37.515071,126.924891,37.515227,126.924471,37.515349
1:126.936409,37.515362,126.935487,37.515214,126.934511,37.515072,126.933049,37.514911,126.930192,37.514678,126.929833,37.514661
1:126.929848,37.514448,126.930214,37.514464,126.933081,37.514698,126.934554,37.51486,126.935538,37.515004,126.936462,37.515153
1:126.915325,37.519772,126.915449,37.519596,126.915703,37.519278,126.915988,37.519004,126.916356,37.518722,126.916736,37.518485,126.917143,37.518284,126.917559,37.51811,126.918548,37.517735,126.919546,37.517357,126.920319,37.517065,126.921133,37.516754,126.921944,37.516451,126.922736,37.516152,126.923513,37.515859,126.924095,37.515644,126.924492,37.515506,126.924896,37.515376,126.925314,37.515257,126.925732,37.515153,126.926159,37.51506,126.926595,37.514979,126.927255,37.514889,126.927704,37.514842,126.928143,37.514808,126.928812,37.514782,126.929488,37.514791,126.930163,37.514822,126.930637,37.514847,126.931086,37.514888,126.931528,37.51494,126.931916,37.514991
1:126.937219,37.516487,126.935967,37.516237,126.935508,37.516068,126.934277,37.515837,126.933319,37.51566,126.932922,37.5156,126.932351,37.51554,126.931761,37.515497,126.931369,37.515478,126.930783,37.515463,126.93,37.515459,126.92945,37.515459,126.928882,37.51548,126.928511,37.515505,126.927944,37.515557,126.927389,37.51563,126.926836,37.515707,126.9261,37.51582,126.925509,37.515915,126.925121,37.515993,126.924737,37.51609,126.924372,37.5162,126.923923,37.516354
1:126.923926,37.516353,126.923291,37.516584,126.922694,37.51681,126.921753,37.517166,126.920915,37.517481,126.920034,37.517817,126.919355,37.518073,126.918849,37.518268,126.918355,37.518483,126.918026,37.518655,126.917671,37.51886,126.917292,37.519116,126.917026,37.51932,126.916681,37.519628,126.916419,37.519884,126.916163,37.520159,126.915735,37.520655,126.915326,37.52117,126.915043,37.521529,126.914589,37.522125,126.91425,37.52259,126.913628,37.523479,126.913038,37.524337,126.912841,37.524627,126.912142,37.52566,126.911839,37.526124,126.911658,37.526428,126.911474,37.526757,126.911299,37.5271,126.911161,37.527408,126.911032,37.527739,126.910903,37.528097,126.910625,37.529022,126.910555,37.529261,126.910514,37.529411,126.910402,37.529799
