1:126.884811,37.529782,126.885543,37.530129,126.886006,37.530387,126.886226,37.53056,126.886411,37.530798,126.886602,37.531071,126.886776,37.531381,126.887293,37.532472
1:126.88428,37.52955,126.884784,37.529641,126.885309,37.529808,126.885617,37.529945,126.885823,37.530055,126.885989,37.530161,126.886072,37.530219,126.886222,37.530337,126.886436,37.530526,126.886628,37.530731,126.886691,37.530806,126.886746,37.530861,126.886776,37.530876,126.886803,37.530879,126.886883,37.530879
3:126.884676,37.529967,126.884188,37.52975,126.884114,37.529722,126.883525,37.52947,126.883171,37.529364,126.882963,37.529324,126.882758,37.529297,126.882478,37.529287,126.882315,37.529292,126.881701,37.529352,126.881349,37.529341,126.881092,37.5293,126.880885,37.529246,126.880617,37.529129,126.880464,37.529042,126.880254,37.528876
1:126.880444,37.528725,126.880638,37.528879,126.88076,37.528947,126.880993,37.529049,126.881161,37.529093,126.881382,37.529128,126.88169,37.529138,126.882293,37.529079,126.882479,37.529073,126.882787,37.529084,126.883017,37.529114,126.883251,37.52916,126.883637,37.529275,126.884235,37.529531,126.884311,37.529559,126.884808,37.52978
2:126.899219,37.530835,126.898104,37.529422,126.897517,37.52868,126.897456,37.528592,126.897174,37.528193,126.897072,37.528025,126.897019,37.527924
2:126.897367,37.527657,126.897433,37.527783,126.897505,37.527917,126.89757,37.52802,126.897939,37.528472,126.898291,37.528925,126.898515,37.529221,126.899098,37.529974,126.899655,37.530674
3:126.892681,37.529696,126.892511,37.529467,126.89219,37.52902,126.891476,37.528082,126.891331,37.527851,126.89121,37.527553,126.891148,37.527387,126.891141,37.527367,126.89102,37.526912,126.890943,37.526574,126.890754,37.525787,126.890543,37.52496
3:126.890807,37.524917,126.891018,37.525746,126.891208,37.526536,126.891284,37.526872,126.891402,37.527313,126.891406,37.527325,126.891467,37.52749,126.891582,37.527771,126.891712,37.527979,126.892422,37.528911,126.892744,37.52936,126.892914,37.529587
2:126.876732,37.529972,126.878686,37.529677,126.878896,37.529633,126.879131,37.529558,126.879297,37.529483,126.879406,37.529421,126.8795,37.529352,126.880251,37.528727
2:126.880446,37.528874,126.879689,37.529504,126.879577,37.529587,126.879443,37.529664,126.879248,37.52975,126.878982,37.529837,126.878746,37.529886,126.876783,37.530182
1:126.880247,37.528871,126.880137,37.528771,126.879905,37.528444,126.879408,37.527765,126.878684,37.52687,126.878442,37.526694,126.878137,37.526379,126.87804,37.526268,126.877842,37.525959,126.877802,37.525881,126.877761,37.525794,126.877713,37.525672,126.877686,37.525558
1:126.878083,37.525569,126.878101,37.525658,126.878134,37.525753,126.878173,37.52584,126.878229,37.525948,126.878416,37.526214,126.878899,37.52674,126.879638,37.527653,126.880139,37.528338,126.880358,37.528647,126.88045,37.52873
2:126.897042,37.527653,126.897186,37.5276,126.897602,37.527448,126.897876,37.527361,126.898191,37.527266,126.898523,37.52717,126.899218,37.526974,126.899391,37.526924,126.899576,37.526867,126.899992,37.526739,126.900583,37.526556,126.901293,37.526358,126.901558,37.526278,126.901994,37.526149,126.902779,37.525919
1:126.902931,37.526259,126.902764,37.526304,126.902681,37.526323,126.902085,37.526502,126.901825,37.526576,126.901605,37.526642,126.901446,37.526689,126.900733,37.526906,126.899702,37.527221,126.899555,37.527265,126.899384,37.527319,126.897356,37.527925
2:126.897014,37.527911,126.896966,37.527771,126.896897,37.527325,126.896852,37.527152,126.896686,37.526516,126.896485,37.525719,126.896306,37.52493,126.896099,37.524102
3:126.896363,37.524061,126.896571,37.524891,126.896749,37.525679,126.89695,37.526473,126.897115,37.527108,126.897159,37.527276,126.897366,37.527655
1:126.878343,37.524223,126.878322,37.524233,126.878309,37.524244,126.878285,37.524275,126.878271,37.524303,126.878248,37.524383,126.87813,37.525089,126.878131,37.525306,126.878173,37.525499,126.878253,37.52574,126.878318,37.525875,126.878431,37.52604,126.878522,37.526158,126.878731,37.526394,126.878913,37.526762
3:126.886217,37.525515,126.887272,37.525339,126.888378,37.525174,126.889486,37.525012,126.890649,37.524834
1:126.8907,37.525043,126.889536,37.525222,126.888427,37.525384,126.887324,37.525549,126.886272,37.525724
2:126.886112,37.525639,126.886,37.525166,126.885943,37.524967,126.885893,37.524756,126.885784,37.524346,126.88571,37.524022,126.885686,37.523926,126.885449,37.522986
3:126.885713,37.522944,126.88595,37.523884,126.885975,37.523982,126.886049,37.524305,126.886157,37.524714,126.886207,37.524924,126.886264,37.525123,126.886377,37.5256
3:126.890648,37.524834,126.891995,37.524616,126.892763,37.5245,126.893025,37.524458,126.893337,37.524415,126.894767,37.524205,126.896204,37.523977
4:126.896257,37.524186,126.894818,37.524415,126.893384,37.524625,126.893075,37.524668,126.892815,37.52471,126.892048,37.524826,126.890702,37.525043
3:126.890542,37.524957,126.89044,37.524495,126.890234,37.52367,126.890066,37.522952,126.890025,37.522788,126.889908,37.522301
3:126.890173,37.522261,126.89029,37.522747,126.890331,37.522912,126.890499,37.52363,126.890704,37.524456,126.890807,37.52492
1:126.878253,37.524026,126.87877,37.523962,126.87995,37.523774,126.881367,37.523515,126.88165,37.523481
1:126.88169,37.523692,126.881418,37.523725,126.880007,37.523983,126.878817,37.524173,126.878295,37.524237
3:126.896205,37.523977,126.897361,37.523797,126.898397,37.52364,126.899529,37.523473,126.900603,37.523291,126.901757,37.523119
2:126.901807,37.523329,126.900657,37.523501,126.899582,37.523683,126.898447,37.52385,126.897412,37.524007,126.896257,37.524186
4:126.896098,37.524098,126.896006,37.523633,126.895891,37.523194,126.895741,37.522578,126.895695,37.522352,126.895598,37.521881,126.895486,37.521432
3:126.895751,37.521391,126.895864,37.521843,126.895961,37.522317,126.896006,37.522541,126.896155,37.523152,126.896271,37.523594,126.896364,37.524065
2:126.881644,37.523482,126.883704,37.523157,126.884317,37.523048,126.885556,37.52286
1:126.885606,37.52307,126.884372,37.523258,126.88376,37.523366,126.881696,37.523691
3:126.885555,37.52286,126.88663,37.522695,126.887743,37.522523,126.888856,37.522348,126.889319,37.522281,126.890015,37.522176
1:126.890065,37.522386,126.889368,37.522491,126.888907,37.522558,126.887795,37.522733,126.886682,37.522905,126.885607,37.52307
2:126.890014,37.522176,126.890717,37.522065,126.891381,37.521953,126.892705,37.521755,126.893766,37.521587,126.894118,37.521532,126.895593,37.521307
2:126.895644,37.521517,126.89417,37.521742,126.893819,37.521797,126.892756,37.521964,126.891434,37.522162,126.890771,37.522275,126.890066,37.522386
2:126.895592,37.521307,126.897206,37.521048,126.898906,37.520807,126.899955,37.52064,126.90074,37.520521,126.901045,37.520477
2:126.901094,37.520687,126.90079,37.520731,126.900007,37.52085,126.898956,37.521017,126.897256,37.521258,126.895645,37.521516
2:126.895487,37.521433,126.895176,37.520229,126.894894,37.519028
2:126.895159,37.518989,126.895441,37.520189,126.895751,37.52139
3:126.884978,37.520471,126.886065,37.52029,126.887169,37.520134,126.888266,37.51996,126.889426,37.51978
3:126.889478,37.51999,126.888318,37.520169,126.887219,37.520344,126.886116,37.5205,126.885033,37.520681
3:126.884873,37.520595,126.884668,37.519717,126.884429,37.518767,126.884234,37.517934
2:126.884499,37.517895,126.884693,37.518727,126.884933,37.519676,126.885138,37.520557
3:126.889426,37.51978,126.890732,37.519579,126.890832,37.519564,126.891956,37.51939,126.892114,37.519367,126.892401,37.519317,126.893686,37.51913,126.894645,37.51898,126.894991,37.518905
3:126.895062,37.519111,126.894707,37.519188,126.893736,37.51934,126.892454,37.519526,126.892167,37.519577,126.892006,37.5196,126.890883,37.519773,126.890784,37.519789,126.889478,37.51999
3:126.889319,37.519903,126.889185,37.519276,126.889125,37.519036,126.88904,37.518688,126.88888,37.518085,126.888829,37.517892,126.888715,37.517454,126.88866,37.517239
3:126.888924,37.517196,126.888979,37.517411,126.889093,37.517849,126.889144,37.518041,126.889304,37.518646,126.889389,37.518995,126.88945,37.519238,126.889585,37.519867
4:126.884341,37.517809,126.886518,37.517474,126.887618,37.517299,126.887804,37.51727,126.888527,37.517161,126.888759,37.517114
3:126.888826,37.517321,126.888585,37.51737,126.887855,37.51748,126.887671,37.517509,126.886571,37.517684,126.884392,37.518019
4:126.888665,37.517253,126.888456,37.51678,126.888106,37.515993,126.8877,37.515157
2:126.887952,37.515081,126.888359,37.515919,126.88871,37.516709,126.88892,37.517182
2:126.888728,37.517124,126.889434,37.516817,126.890599,37.516238,126.891753,37.515692,126.891832,37.515648,126.891951,37.51559,126.892729,37.515219,126.893162,37.515015,126.893293,37.514949,126.893885,37.514671
1:126.894023,37.514855,126.893434,37.515132,126.893303,37.515198,126.892867,37.515403,126.892092,37.515772,126.89198,37.515827,126.891899,37.515872,126.890739,37.51642,126.889571,37.517001,126.888857,37.517311
2:126.8877,37.515156,126.887252,37.514188
2:126.887505,37.514114,126.887953,37.515082
3:126.887756,37.515028,126.888337,37.514746,126.88918,37.514353,126.889713,37.514096,126.890317,37.513809,126.890713,37.513635,126.891073,37.513471,126.891315,37.513366,126.891799,37.513136,126.891883,37.513101
3:126.892007,37.513291,126.891931,37.513323,126.891449,37.513551,126.891204,37.513658,126.890845,37.513821,126.890452,37.513994,126.889852,37.514279,126.889318,37.514536,126.888476,37.514929,126.887897,37.51521
3:126.893884,37.514672,126.894274,37.514485,126.894893,37.514181,126.895581,37.513849,126.896129,37.513591,126.89668,37.513348,126.896956,37.513226,126.897064,37.513175,126.89707,37.513172,126.89707,37.513172,126.897078,37.513161,126.897182,37.513012
3:126.897315,37.513262,126.897291,37.513298,126.897248,37.513335,126.897208,37.513356,126.897089,37.513411,126.896811,37.513535,126.896263,37.513776,126.89572,37.514033,126.895034,37.514364,126.894415,37.514667,126.894024,37.514855
2:126.893857,37.514837,126.893316,37.514394,126.892639,37.513868,126.892006,37.513396,126.891913,37.513325,126.891846,37.513269
4:126.892044,37.513123,126.892104,37.513175,126.892191,37.51324,126.892826,37.513713,126.893507,37.514244,126.894051,37.514689
1:126.885884,37.51442,126.888815,37.513047,126.889998,37.512451,126.890213,37.512294,126.890383,37.512157,126.890514,37.512038,126.890719,37.511812,126.891003,37.511446,126.891742,37.510522
1:126.891969,37.510636,126.891231,37.51156,126.890944,37.51193,126.890725,37.512171,126.890581,37.512302,126.8904,37.512448,126.890163,37.512621,126.888956,37.51323,126.886021,37.514604
1:126.891299,37.511423,126.891487,37.511182,126.891569,37.51110599999999,126.891717,37.511,126.89175,37.510971
1:126.885871,37.51442699999999,126.886378,37.514121,126.887179,37.51367299999999,126.888169,37.51319,126.889149,37.51272399999999,126.889703,37.512415,126.890255,37.51206,126.890578,37.511866,126.890946,37.51165,126.891161,37.511518,126.891323,37.5114
1:126.887267,37.514092,126.887327,37.51401899999999,126.88743,37.513955,126.887515,37.513902,126.887719,37.513783,126.888094,37.513553,126.888803,37.513215,126.889533,37.512863,126.890099,37.512598,126.890289,37.5125,126.890498,37.512333,126.890695,37.51215,126.890901,37.511963,126.891041,37.511801,126.891295,37.511428
1:126.887931,37.514048,126.88744,37.514246
1:126.890179,37.51260899999999,126.890072,37.512698,126.889903,37.51291899999999,126.889445,37.513221,126.889068,37.51344799999999,126.888689,37.513625,126.888283,37.51379899999999,126.888138,37.5139,126.887962,37.51403
1:126.891997,37.51111699999999,126.891968,37.51115,126.891525,37.511714,126.891371,37.51192799999999,126.891005,37.512348,126.890522,37.51277,126.88986,37.513208,126.888685,37.513722,126.887934,37.514046
1:126.897144,37.51331,126.897039,37.513276,126.89661,37.513135,126.896041,37.512949,126.895186,37.512641,126.894088,37.512247
3:126.894334,37.5119,126.895361,37.512257,126.896241,37.512571,126.896918,37.512815,126.897207,37.512918,126.897261,37.512935,126.897352,37.512965
1:126.897179,37.513017,126.897198,37.512985,126.898107,37.511307,126.899058,37.509788,126.899548,37.509087,126.899689,37.508894,126.899839,37.508682
1:126.899783,37.509192,126.899297,37.509887,126.898351,37.511396,126.897443,37.513074,126.897419,37.513113,126.897314,37.513264
2:126.891878,37.513103,126.892053,37.513024,126.892419,37.512864,126.893091,37.512548,126.89354,37.512351,126.893694,37.512285,126.893793,37.512238,126.893974,37.512135,126.894,37.512117,126.894043,37.512079
3:126.894244,37.512221,126.89419,37.512269,126.894142,37.512303,126.893941,37.512417,126.893827,37.512471,126.89367,37.512538,126.893225,37.512734,126.892553,37.513049,126.892185,37.51321,126.892012,37.513289
1:126.894086,37.512247,126.893796,37.512138,126.893474,37.511975,126.89181,37.511149,126.891777,37.511132,126.891575,37.51103
2:126.891908,37.510755,126.892002,37.510807,126.892098,37.51085,126.893816,37.51169,126.894011,37.511783,126.894336,37.511901
1:126.890987,37.511475,126.891156,37.51098,126.892208,37.509183,126.892325,37.509001,126.892418,37.508879,126.892515,37.50877,126.892694,37.508589,126.892852,37.50846,126.892991,37.508367,126.893119,37.508287,126.893447,37.508127,126.893695,37.508034,126.894437,37.507836,126.894614,37.507779,126.894781,37.50771,126.89502,37.507587,126.895135,37.507518,126.895496,37.507242,126.896116,37.506747,126.896194,37.506683,126.897856,37.505158
1:126.89806,37.505298,126.896399,37.506822,126.896262,37.506971,126.895581,37.507599,126.895341,37.507818,126.895156,37.507955,126.894856,37.508122,126.893776,37.508682,126.893648,37.508771,126.893506,37.50889,126.893385,37.509003,126.89296,37.509494,126.892438,37.510145,126.891963,37.510643
1:126.891741,37.510522,126.892535,37.509514,126.892868,37.50903,126.893249,37.508534,126.893386,37.508343,126.89355,37.508054,126.893665,37.507766,126.893719,37.507548,126.893743,37.507319,126.893756,37.507131,126.893746,37.506961,126.893113,37.503305,126.893124,37.503167,126.893154,37.503058,126.893164,37.503014,126.893189,37.502912,126.893251,37.502668,126.89329,37.502553
1:126.89355,37.502608,126.893513,37.502717,126.893453,37.502953,126.893429,37.503052,126.893418,37.503099,126.893392,37.503197,126.893383,37.503297,126.894014,37.506941,126.894026,37.507131,126.894012,37.507334,126.893987,37.507577,126.893927,37.507819,126.893802,37.508131,126.893627,37.50844,126.893481,37.508643,126.893101,37.509137,126.892768,37.509622,126.89197,37.510636
3:126.891577,37.511031,126.891194,37.510847,126.890694,37.5106,126.890253,37.510384
2:126.89058,37.510071,126.890964,37.51027,126.891454,37.510524,126.891904,37.510753
3:126.898477,37.510676,126.898055,37.510202,126.897685,37.509801,126.897203,37.509366,126.896914,37.509159,126.896466,37.508906,126.89619,37.508789,126.895154,37.508293,126.894888,37.508159,126.894627,37.508008
3:126.894786,37.507835,126.89504,37.507983,126.895295,37.508111,126.896323,37.508604,126.896608,37.508724,126.897083,37.508992,126.897396,37.509216,126.897895,37.509667,126.898273,37.510077,126.898691,37.510545,126.898835,37.510661
2:126.894076,37.514718,126.894175,37.514886,126.894467,37.515866,126.894779,37.517228
4:126.894513,37.517266,126.894203,37.51591,126.893919,37.514956,126.893832,37.514808
3:126.900653,37.51685,126.899189,37.516946,126.89812,37.517055,126.895931,37.517253,126.894659,37.517354
2:126.894633,37.517141,126.895902,37.517041,126.898087,37.516843,126.89916,37.516733,126.900631,37.516637
4:126.885449,37.522986,126.885274,37.522272,126.885164,37.521766
4:126.88543,37.52173,126.88554,37.522234,126.885713,37.522945
4:126.885272,37.521643,126.886343,37.521482,126.887455,37.521299,126.888543,37.521124,126.889734,37.520942
2:126.889785,37.521152,126.888595,37.521333,126.887509,37.521508,126.886396,37.521691,126.885322,37.521853
2:126.889908,37.522301,126.889781,37.52178,126.889742,37.521593,126.889626,37.521066
1:126.889892,37.521029,126.890008,37.521558,126.890046,37.521743,126.890172,37.522261
2:126.885165,37.521768,126.885015,37.52113,126.884873,37.520598
4:126.885137,37.520554,126.885279,37.521089,126.88543,37.521728
2:126.889628,37.52107,126.88946,37.520461,126.88932,37.519906
3:126.889584,37.519864,126.889724,37.520417,126.889891,37.521025
2:126.894894,37.519026,126.894513,37.517265
1:126.894779,37.517229,126.89516,37.51899
2:126.894995,37.518904,126.895444,37.518818,126.895646,37.518793,126.896684,37.51869,126.899435,37.518459,126.900765,37.518358
2:126.900791,37.518571,126.899462,37.518672,126.896715,37.518902,126.895684,37.519004,126.895497,37.519028,126.895059,37.519112
4:126.898846,37.510671,126.899096,37.510927,126.899311,37.51115,126.899709,37.51157,126.899745,37.511595,126.899914,37.511673,126.900723,37.511968,126.902598,37.512738,126.902821,37.512361,126.90396,37.510663,126.904398,37.509985,126.904783,37.509427,126.904928,37.509186,126.905107,37.508892,126.90514,37.508843,126.905412,37.508469
3:126.905645,37.508576,126.905375,37.508948,126.905347,37.508989,126.905171,37.509278,126.905023,37.509525,126.904636,37.510085,126.904199,37.510761,126.903062,37.512456,126.902724,37.513031,126.900605,37.51216,126.89979,37.511863,126.899585,37.511769,126.899509,37.511715,126.899096,37.511279,126.898882,37.511057,126.898637,37.510807,126.898491,37.510689
3:126.900508,37.51675,126.900403,37.51543,126.900371,37.514868,126.900282,37.514382
3:126.902784,37.515288,126.9024,37.515158,126.90145,37.514835,126.900362,37.514465
2:126.897354,37.512966,126.899326,37.513658,126.90061,37.5141
3:126.90036,37.514464,126.898473,37.513791,126.8976,37.513476,126.897211,37.513335,126.897139,37.513308
2:126.876919,37.505468,126.878456,37.506529,126.879318,37.507131,126.879616,37.507342,126.879825,37.507486,126.880085,37.507662,126.880135,37.507697,126.880506,37.507944,126.88179,37.508816,126.881935,37.508908,126.88281,37.509579,126.88477,37.510976,126.885139,37.511253,126.886784,37.512419
2:126.886605,37.512579,126.884957,37.51141,126.884587,37.511134,126.882626,37.509735,126.881757,37.509069,126.881618,37.508981,126.880332,37.508107,126.879959,37.507859,126.879908,37.507823,126.879649,37.507649,126.879437,37.507502,126.879139,37.507291,126.878279,37.50669,126.876742,37.505629
1:126.88664,37.512401,126.8876,37.512062,126.887982,37.511869,126.888337,37.51167,126.888769,37.511395,126.889257,37.511055
2:126.889435,37.511215,126.888942,37.511558,126.888499,37.51184,126.888132,37.512047,126.887728,37.512251,126.886749,37.512597
2:126.889247,37.511063,126.890225,37.51022
3:126.890423,37.510365,126.889445,37.511208
3:126.889257,37.511215,126.888125,37.510429,126.886846,37.509511,126.886114,37.508939,126.887015,37.508445,126.887143,37.50837,126.88731,37.50826
3:126.887306,37.508541,126.887171,37.508619,126.886535,37.508968,126.887031,37.509355,126.888305,37.510269,126.889435,37.511055
2:126.887294,37.508273,126.888249,37.50739,126.889638,37.508263,126.88996,37.50847,126.890057,37.508535,126.890282,37.50866,126.890717,37.508889,126.890847,37.509003,126.890979,37.509145,126.891021,37.509179,126.891053,37.509193,126.891094,37.509206,126.891157,37.509222,126.891251,37.509233,126.891479,37.509266,126.891688,37.50935,126.891856,37.509429,126.892199,37.50959,126.892335,37.509654,126.892418,37.509694,126.892494,37.509758,126.892535,37.509958,126.892531,37.510072,126.892523,37.510145,126.892479,37.510226,126.892395,37.510332,126.8923,37.51045,126.891946,37.5109
3:126.891717,37.510787,126.892072,37.510336,126.892168,37.510218,126.89224,37.510127,126.892259,37.510092,126.892262,37.51006,126.892265,37.509972,126.892241,37.509857,126.892247,37.509861,126.892197,37.509838,126.892061,37.509774,126.891718,37.509613,126.891558,37.509537,126.891392,37.509471,126.891207,37.509444,126.891095,37.50943,126.891004,37.509407,126.890937,37.509387,126.890857,37.50935,126.890774,37.509285,126.890638,37.509138,126.89054,37.509052,126.890129,37.508836,126.889893,37.508704,126.889789,37.508635,126.889469,37.50843,126.888285,37.507685,126.887491,37.508419,126.887313,37.508537
1:126.887485,37.508262,126.888372,37.508881,126.888824,37.509165,126.888942,37.509234,126.890474,37.510017,126.890579,37.510071
4:126.89025,37.510382,126.888627,37.509532,126.888513,37.509463,126.888054,37.509174,126.887843,37.50902,126.88722,37.50859,126.887139,37.508536
3:126.87835,37.516957,126.881845,37.516084,126.882451,37.51593
1:126.881927,37.516288,126.878431,37.517161
2:126.881708,37.514826,126.88201,37.514578,126.882236,37.514432,126.883062,37.51397,126.883711,37.513636,126.884906,37.513108,126.885632,37.512745,126.885827,37.51267,126.886278,37.512519,126.886643,37.5124
1:126.886745,37.512598,126.886382,37.512716,126.885938,37.512865,126.885762,37.512932,126.885043,37.513291,126.88385,37.513819,126.883211,37.514148
2:126.890684,37.53244699999999,126.890446,37.53192599999999,126.890043,37.531182,126.890008,37.53108499999999,126.889942,37.530861
2:126.889957,37.53088999999999,126.889847,37.53074,126.889445,37.53017799999999,126.889122,37.529731,126.888846,37.52935,126.888669,37.529141,126.88848,37.528936,126.888362,37.528822
2:126.891626,37.534349,126.891603,37.534229,126.891527,37.53392,126.891496,37.533774,126.891455,37.533545,126.891412,37.53336,126.891353,37.533171,126.891283,37.53296999999999,126.891151,37.532666,126.891041,37.532458,126.890972,37.532339,126.890846,37.532138,126.890731,37.531971,126.89046,37.531587,126.890214,37.531251,126.889956,37.530889
2:126.888365,37.528826,126.888184,37.528665,126.888002,37.528516,126.887737,37.52832,126.887536,37.528188,126.887219,37.528005,126.887073,37.527929,126.88685,37.527826,126.886636,37.527735,126.886096,37.527538,126.885379,37.527291,126.884906,37.527133,126.883998,37.526824,126.883758,37.526734,126.883655,37.526695,126.88349,37.526625,126.883255,37.526516,126.883027,37.52639,126.882904,37.526313,126.882688,37.526166,126.882557,37.526063,126.882367,37.525905,126.882189,37.525733,126.882113,37.525648,126.882003,37.525524
3:126.88192,37.52203,126.881896,37.52225,126.881845,37.522782,126.881817,37.523002,126.881783,37.523352,126.881765,37.523633,126.881762,37.523708,126.881765,37.523775,126.881771,37.52385,126.881783,37.523983,126.881802,37.524131,126.881832,37.524281,126.881887,37.52447,126.881939,37.524611,126.881998,37.52475,126.882072,37.524899,126.882149,37.525027,126.882296,37.52524,126.882393,37.525366,126.882457,37.525443,126.882565,37.525554,126.88265,37.525634,126.882803,37.52577,126.882971,37.525904,126.883086,37.525985,126.88329,37.526116,126.883474,37.52622,126.883586,37.526276,126.883689,37.526323,126.883844,37.526386,126.88405,37.526462,126.884231,37.526527,126.8847,37.526687,126.885083,37.526817,126.885362,37.52691,126.885597,37.526993,126.886038,37.527142,126.886368,37.527253,126.886601,37.527336,126.886894,37.527453,126.887096,37.52754,126.887299,37.527635,126.887437,37.527706,126.887638,37.527819,126.8879,37.527985,126.888058,37.528086,126.888211,37.528198,126.888321,37.52828,126.888406,37.52835,126.888497,37.528426,126.8886,37.528516,126.888731,37.528638,126.888838,37.528745,126.888962,37.528879,126.889112,37.529053,126.889216,37.529185,126.889387,37.529409,126.889551,37.529635,126.889687,37.529827,126.889787,37.529961,126.889849,37.53005,126.89008,37.530376,126.890242,37.530605,126.890382,37.530797
3:126.881994,37.525512,126.881951,37.525447,126.881859,37.525323,126.88177,37.525185,126.88169,37.52505,126.881617,37.52491,126.881552,37.524766,126.881505,37.524642,126.881458,37.52451,126.881401,37.524298,126.881381,37.524195,126.881352,37.523963,126.881344,37.523864,126.88134,37.523745,126.88134,37.523615,126.881347,37.523465,126.881364,37.523252,126.881435,37.522534,126.881508,37.521874,126.881589,37.521118,126.881668,37.520426,126.881784,37.519612,126.882045,37.517865
4:126.881123,37.514463,126.881429,37.514754,126.881787,37.515097,126.881888,37.515205,126.882011,37.515353,126.882102,37.515475,126.882192,37.515608,126.882259,37.515721,126.882322,37.515836,126.882369,37.515936,126.882413,37.516041,126.88245,37.516142,126.882485,37.51625,126.88252,37.516369,126.882538,37.516457,126.882563,37.516583,126.882571,37.516704,126.88258,37.51681,126.882579,37.51701,126.882571,37.517164,126.882553,37.517338,126.882525,37.517546,126.882438,37.518122,126.882396,37.518413,126.882351,37.518698,126.882307,37.519014,126.882244,37.519445,126.882184,37.519854,126.882105,37.520388,126.88205,37.520825,126.882013,37.521173,126.881977,37.521495,126.881927,37.521956,126.88192,37.522029
1:126.882045,37.517865,126.882095,37.517541,126.882143,37.517144,126.882151,37.516905,126.882145,37.516755,126.882134,37.516645,126.882108,37.516506,126.882088,37.51638,126.881948,37.51601,126.881896,37.515907,126.881839,37.515809,126.881763,37.515692,126.881673,37.515576,126.881588,37.51547,126.881482,37.515353,126.881289,37.515152,126.881175,37.515044,126.880934,37.514817,126.880397,37.514297,126.880077,37.513973,126.879942,37.513829,126.879802,37.513679,126.879545,37.513392,126.879373,37.513199,126.878945,37.512709,126.878472,37.512172,126.877711,37.511305,126.876952,37.510444,126.876041,37.5094,126.875761,37.509061
3:126.874323,37.505609,126.874387,37.505805,126.874487,37.506067,126.87463,37.506425,126.874755,37.506712,126.874841,37.506889,126.874937,37.507085,126.875165,37.507499,126.875268,37.50767,126.87547,37.507998,126.875667,37.508287,126.875807,37.508479,126.876003,37.508736,126.876127,37.508893,126.876341,37.50915,126.876587,37.509434,126.876913,37.509799,126.877441,37.510404,126.87796,37.51099,126.878603,37.511721,126.879141,37.512345,126.879453,37.512698,126.879845,37.513144,126.88012,37.51345,126.880282,37.513625,126.880572,37.513928,126.880885,37.514241,126.881122,37.514462
1:126.887879,37.527974,126.888266,37.528138,126.889222,37.528673,126.890757,37.52953,126.890958,37.529633,126.891174,37.529709,126.891357,37.529742,126.891719,37.52977
1:126.888646,37.530509,126.88889,37.53024,126.88894,37.530153,126.888958,37.530078,126.888959,37.529979,126.888926,37.529855,126.88888,37.52974,126.888709,37.529421,126.888409,37.528914,126.888343,37.528799
2:126.890092,37.530176,126.890148,37.530152,126.890188,37.530131,126.890263,37.530076,126.890297,37.530052,126.890318,37.530027,126.890363,37.529959,126.8904,37.529889,126.890403,37.529821,126.890383,37.529747,126.890352,37.529698,126.890293,37.529651,126.89023,37.52962,126.890174,37.529602,126.890108,37.529595,126.890015,37.529603,126.889956,37.529617,126.88991,37.529638,126.889868,37.529668,126.88982,37.529734,126.889802,37.529793,126.889794,37.529855,126.889805,37.529932,126.88982,37.529994,126.889855,37.53006
2:126.892139,37.529767,126.892191,37.529767,126.892305,37.529779,126.892517,37.529808,126.892766,37.529856,126.893046,37.529946,126.893261,37.53006,126.89349,37.530236,126.894481,37.531439,126.894626,37.531635,126.89553,37.532758,126.895543,37.532772,126.895566,37.5328
3:126.895188,37.532982,126.895158,37.532942,126.89342,37.530735,126.892891,37.530097,126.892865,37.530059,126.892848,37.530019,126.89284,37.529902,126.89284,37.529903,126.8928,37.529835,126.892686,37.529702
2:126.892909,37.529582,126.893029,37.529722
1:126.890248,37.530142,126.890515,37.530142,126.890657,37.530124,126.8921,37.529772,126.892367,37.529703,126.892976,37.52958,126.893129,37.529532,126.893344,37.52946,126.893477,37.529403,126.894964,37.528683,126.896139,37.528128,126.896804,37.52778,126.897023,37.527662
2:126.885615,37.53118,126.886653,37.530926,126.886847,37.530883,126.888719,37.530468,126.889383,37.530326,126.889651,37.530263,126.890122,37.530166,126.890208,37.530146,126.891667,37.529774,126.892166,37.529659,126.892473,37.529592,126.892767,37.529538
1:126.892957,37.529884,126.892173,37.530075,126.891493,37.530249,126.890945,37.530395,126.889579,37.530728,126.889493,37.530746,126.888637,37.530939,126.887984,37.531073,126.887274,37.531218,126.886793,37.531322,126.886465,37.531386,126.886361,37.531404,126.885802,37.531506,126.884215,37.531839,126.883736,37.531933,126.883252,37.531995,126.882721,37.532044,126.88212,37.532074,126.881498,37.53208,126.880879,37.532047,126.880376,37.532009
3:126.897364,37.527922,126.897204,37.527979,126.896311,37.52837,126.894358,37.529311,126.893807,37.529567,126.893522,37.529704,126.89346,37.52973,126.893392,37.529756,126.892965,37.529882
2:126.898863,37.510779,126.898549,37.511349,126.8985,37.511387,126.898428,37.51141,126.898356,37.5114,126.898037,37.511268,126.898248,37.510901,126.898466,37.510568,126.898551,37.510413,126.899204,37.509391,126.899356,37.509192,126.899635,37.50886,126.899855,37.508663
1:126.899794,37.509172,126.899654,37.509522,126.898943,37.510654,126.898878,37.510756,126.898858,37.510786
1:126.882451,37.51593,126.882756,37.515853,126.883111,37.51574,126.883572,37.515568,126.884466,37.515162
3:126.8846,37.515348,126.883697,37.515757,126.883219,37.515937,126.882847,37.516054,126.882533,37.516134,126.881927,37.516288
1:126.884459,37.515166,126.885643,37.51455,126.885877,37.514424
1:126.886028,37.5146,126.885793,37.514727,126.884607,37.515345
1:126.887445,37.514244,126.887319,37.514301,126.887171,37.514292,126.887118,37.51429,126.887068,37.514295,126.885482,37.515042,126.884763,37.515296,126.884584,37.515354
