2:126.895035,37.49184,126.895584,37.490342,126.896073,37.489077,126.896309,37.488614,126.896477,37.488331,126.896665,37.488048,126.896842,37.487815,126.897381,37.487225
3:126.897998,37.487731,126.897808,37.487929,126.897559,37.488201,126.897374,37.48846,126.897302,37.488563,126.897117,37.48886,126.896882,37.489349,126.896876,37.489369,126.896649,37.489978,126.896323,37.490863,126.896022,37.491643,126.895922,37.491937,126.895811,37.492228
3:126.902382,37.491757,126.902169,37.491561,126.901631,37.491069,126.90131,37.490777,126.900723,37.490278,126.900554,37.490125,126.90038,37.489973,126.900223,37.489835,126.900144,37.48977,126.900013,37.489657,126.899951,37.489604,126.899787,37.489456,126.899742,37.489416,126.899568,37.489255,126.899119,37.488855,126.898754,37.488533,126.898622,37.488417,126.898446,37.488264,126.898409,37.488233,126.897819,37.48776,126.897796,37.487742
3:126.897592,37.487218,126.897657,37.487279,126.897947,37.487548,126.897992,37.487595,126.89801,37.487609,126.898603,37.488085,126.898643,37.488119,126.898821,37.488273,126.898954,37.48839,126.89932,37.488713,126.899771,37.489114,126.899945,37.489276,126.899989,37.489315,126.90015,37.489461,126.90021,37.489511,126.900341,37.489623,126.900421,37.48969,126.90058,37.48983,126.900755,37.489983,126.900923,37.490134,126.90151,37.490634,126.901834,37.490929,126.902373,37.491421,126.902586,37.491618
3:126.883929,37.490542,126.884067,37.489992,126.884196,37.48945,126.884333,37.488915,126.884478,37.488347,126.884691,37.48784,126.884924,37.487248,126.885154,37.486744,126.885402,37.486175,126.885554,37.485794,126.885817,37.485158,126.885868,37.48505,126.885949,37.484867
3:126.886203,37.484937,126.886121,37.485123,126.886071,37.485229,126.885811,37.485859,126.885658,37.486243,126.885408,37.486816,126.88518,37.487317,126.884947,37.487906,126.884739,37.488402,126.884598,37.488957,126.884461,37.489491,126.884331,37.490033,126.884193,37.490584
1:126.899959,37.485617,126.900862,37.485189,126.901171,37.485066,126.901435,37.484979,126.901799,37.484885,126.90204,37.48483,126.902304,37.484782,126.903034,37.484718,126.90345,37.484704,126.905194,37.48467,126.905621,37.484672,126.905848,37.484683,126.906114,37.484707,126.906327,37.484737,126.906594,37.484786,126.906874,37.484851,126.911038,37.486011,126.911468,37.486163,126.911988,37.486394,126.912382,37.486595,126.913313,37.487156,126.915867,37.488776,126.916293,37.48908,126.916509,37.48927,126.916782,37.489478,126.916918,37.489568,126.917074,37.489635,126.917217,37.489679,126.917383,37.489704,126.917724,37.489742,126.918106,37.489766,126.918369,37.48977,126.922331,37.489869,126.922479,37.489871,126.922772,37.489855
3:126.89739,37.487216,126.897631,37.487004,126.897849,37.486828,126.898412,37.486447,126.899352,37.485918,126.89994,37.485626,126.900219,37.48538,126.900471,37.48523,126.900622,37.485122,126.900789,37.485035,126.900972,37.484952,126.90103,37.484883,126.901104,37.484793,126.90119,37.484737,126.901502,37.484667,126.9026,37.484449,126.903031,37.484415
2:126.900561,37.486023,126.899834,37.486465,126.898661,37.48715099999999,126.898211,37.48752,126.897996,37.487733
2:126.905803,37.485238,126.905559,37.485199,126.904943,37.48519,126.902745,37.485331,126.902335,37.48538,126.901798,37.485502,126.901412,37.48561,126.900876,37.485836,126.900559,37.486024
2:126.903295,37.485452,126.903201,37.48546999999999,126.903159,37.485471,126.903116,37.48547099999999,126.902776,37.485447,126.902665,37.485446,126.902353,37.485488,126.902196,37.48551499999999,126.901912,37.485577,126.901432,37.485721,126.900969,37.485903,126.900762,37.486005,126.900701,37.486027,126.90063,37.486039,126.900486,37.486045
3:126.88608,37.484795,126.886228,37.484798,126.88637,37.484847,126.886487,37.484876,126.886595,37.484878,126.887213,37.484784,126.887376,37.484761,126.887492,37.484742,126.887702,37.484702,126.888019,37.484627,126.888354,37.484526,126.889281,37.484236,126.889513,37.484165,126.890606,37.483904,126.890894,37.48384,126.891047,37.483802,126.89126,37.483733,126.891469,37.483611,126.891732,37.483397,126.893395,37.482237
3:126.893573,37.482398,126.891918,37.483552,126.891647,37.483773,126.891392,37.483921,126.891138,37.484003,126.89097,37.484045,126.890682,37.484109,126.889601,37.484367,126.88938,37.484435,126.888451,37.484725,126.888105,37.484829,126.887772,37.484908,126.88755,37.484951,126.887425,37.484971,126.887262,37.484994,126.886618,37.485093,126.886443,37.485089,126.886276,37.485048,126.886168,37.485011,126.886072,37.485009
3:126.885949,37.484865,126.88663,37.483396,126.887042,37.482757,126.887062,37.482717,126.887064,37.482706,126.887065,37.482671,126.887053,37.482616,126.887,37.482488,126.886805,37.482065,126.886789,37.48204,126.886764,37.482015,126.886674,37.481936,126.886497,37.481843
3:126.886863,37.481783,126.88697,37.481877,126.887017,37.481924,126.887052,37.481979,126.887255,37.482418,126.887314,37.482564,126.887335,37.482655,126.887333,37.482727,126.887323,37.482773,126.887289,37.482844,126.886877,37.483482,126.886202,37.484939
4:126.895296,37.484459,126.895887,37.484226,126.896814,37.483806,126.897068,37.483709,126.897204,37.483695,126.898432,37.48363,126.89845,37.483627,126.898525,37.483607
3:126.898613,37.483809,126.898518,37.483835,126.898464,37.483842,126.897231,37.483908,126.897146,37.483917,126.896939,37.483996,126.896014,37.484415,126.895416,37.484651
3:126.895241,37.48461,126.894351,37.483444,126.893881,37.482879,126.893674,37.482666,126.893381,37.482386
3:126.893588,37.482249,126.893885,37.482533,126.8941,37.482755,126.894578,37.483329,126.895472,37.484499
2:126.90251,37.484613,126.90205,37.484045,126.90098,37.482715
3:126.898503,37.483615,126.899419,37.483205,126.899732,37.483079,126.900383,37.482812,126.901035,37.482562
3:126.901152,37.482754,126.900504,37.483003,126.899855,37.48327,126.899546,37.483394,126.898635,37.483801
3:126.898448,37.483755,126.897773,37.482667,126.897257,37.481856,126.897213,37.48179,126.897039,37.481636,126.896799,37.481435,126.896575,37.481263,126.896525,37.48123,126.896377,37.48113,126.895893,37.480905,126.895758,37.480858,126.89558,37.480812,126.895157,37.480735,126.894521,37.480652,126.894197,37.480664,126.894046,37.480672,126.893912,37.480696,126.893686,37.480772,126.893375,37.480905,126.893243,37.480992,126.892539,37.481529
2:126.892352,37.481375,126.893064,37.480832,126.893224,37.480727,126.89357,37.480579,126.893829,37.480492,126.894006,37.48046,126.894182,37.480451,126.894536,37.480437,126.895209,37.480525,126.895652,37.480605,126.895855,37.480658,126.896015,37.480714,126.896534,37.480955,126.896699,37.481066,126.896756,37.481104,126.896991,37.481284,126.897237,37.481491,126.897436,37.481667,126.897496,37.481758,126.898014,37.482572,126.89869,37.483661
1:126.90098,37.482716,126.899838,37.481318,126.899479,37.480869,126.899342,37.480681,126.899232,37.480511
3:126.900105,37.480823,126.901159,37.482055,126.901385,37.482339,126.901622,37.482628
1:126.893387,37.482392,126.892348,37.481526
3:126.892543,37.481378,126.893582,37.482244
3:126.892354,37.481531,126.892249,37.481453,126.891905,37.481244,126.891394,37.48084,126.891219,37.480706,126.890235,37.479933,126.890051,37.479795,126.88981,37.479592
3:126.890003,37.479279,126.890068,37.479349,126.890134,37.479419,126.891344,37.480363,126.89151,37.480496,126.8922,37.481046,126.892436,37.4813,126.892537,37.481373
1:126.898637,37.478703,126.898528,37.478156,126.898493,37.478113,126.898452,37.478089,126.898384,37.478067,126.898325,37.478063,126.898272,37.47807,126.898218,37.478093,126.897982,37.478244,126.897927,37.478295,126.897893,37.478343,126.897878,37.47839,126.897877,37.478441,126.89789,37.478483,126.897942,37.478566,126.897981,37.478593,126.89811,37.47865
3:126.901303,37.479548,126.900966,37.479536,126.900836,37.479554,126.900735,37.479577,126.900639,37.479605,126.900533,37.479655,126.900097,37.479937,126.900063,37.479965,126.899983,37.480017,126.899947,37.480047,126.899916,37.480088,126.899882,37.480149,126.899862,37.480197,126.899849,37.480282,126.899852,37.480345,126.899878,37.480455,126.900114,37.480836
1:126.899228,37.480505,126.899115,37.480297,126.898954,37.479973,126.898853,37.479723,126.898774,37.479463,126.898733,37.479286,126.898636,37.478698,126.898595,37.478361,126.898485,37.477512
1:126.899454,37.479685,126.899584,37.480015,126.89971,37.480282,126.899802,37.480449,126.899925,37.480613,126.900105,37.480823
1:126.89925,37.48053199999999,126.899217,37.480502,126.899173,37.48046699999999,126.898857,37.48025,126.898569,37.480083
1:126.898569,37.480083,126.897513,37.47946799999999,126.896815,37.479071,126.896359,37.478808,126.896104,37.478709,126.895869,37.47864
1:126.898475,37.47964,126.898512,37.479666,126.898584,37.479685,126.898696,37.479698,126.898869,37.4797,126.898982,37.479761,126.899056,37.47982,126.899083,37.479877,126.899093,37.479917,126.899102,37.479977,126.899085,37.480051,126.899025,37.480109,126.898948,37.480147,126.898849,37.48016,126.898736,37.480143,126.898596,37.480096
2:126.899439,37.478872,126.899671,37.478893,126.89974,37.47889,126.89978,37.478888,126.899815,37.478877,126.899832,37.478868,126.899855,37.47884,126.899871,37.478811,126.899871,37.478767,126.899864,37.478734,126.899855,37.478719,126.899405,37.478329,126.899403,37.478329,126.899374,37.478325,126.899353,37.478329,126.89932,37.478342,126.899287,37.47836,126.89927,37.478374,126.899255,37.478399,126.899242,37.478432,126.899226,37.478534,126.899215,37.478679
1:126.898023,37.478969,126.89797,37.478971,126.897947,37.478976,126.897906,37.478994,126.897783,37.479064,126.897767,37.479087,126.897746,37.479126,126.89774,37.479157,126.897745,37.479194,126.897758,37.479223,126.897783,37.479248,126.898467,37.479642,126.898494,37.47965,126.898529,37.479652,126.898558,37.47965,126.898616,37.479636,126.898643,37.479624,126.898691,37.47959,126.898729,37.479548,126.898748,37.479517,126.898753,37.479497,126.898754,37.479432,126.898732,37.479281
1:126.899065,37.477453,126.899101,37.477549,126.899121,37.477599,126.899148,37.477642,126.89919,37.477689,126.899406,37.477838,126.900273,37.478641,126.900482,37.478836,126.900656,37.478964,126.900771,37.479034,126.900966,37.479103,126.901392,37.479213
1:126.901277,37.479545,126.901136,37.479518,126.899716,37.479265,126.897989,37.478966
1:126.899453,37.478874,126.90138,37.479211
1:126.899439,37.479659,126.899481,37.479712,126.899505,37.479731,126.899537,37.479748,126.899593,37.479765,126.899665,37.479776,126.899755,37.479769,126.899805,37.479759,126.899853,37.479735,126.899936,37.479678,126.900014,37.479602,126.900036,37.479565,126.900054,37.479517,126.900056,37.479482,126.900051,37.479456,126.900026,37.479413,126.89998,37.479375,126.899883,37.479331,126.899687,37.479258
1:126.896681,37.47841,126.896912,37.478397,126.897079,37.478368,126.897232,37.478321,126.897334,37.478269,126.898238,37.477685,126.898325,37.477618,126.898514,37.477434
2:126.898484,37.47751,126.898431,37.476992,126.898321,37.475844,126.898179,37.474603,126.8981,37.473742,126.898094,37.47367,126.898014,37.472827,126.897895,37.471521,126.897887,37.471442
1:126.898504,37.471415,126.898626,37.472787,126.898743,37.473963,126.898839,37.47522,126.898898,37.4758,126.899,37.476967,126.89907,37.477472,126.89918,37.478364,126.899215,37.478661,126.899252,37.478885,126.899328,37.479286,126.899377,37.479473,126.899455,37.479687
3:126.88981,37.479592,126.889646,37.479454,126.889134,37.479001,126.888893,37.478727,126.888854,37.478697,126.888125,37.478101,126.888073,37.478069,126.887981,37.478019
3:126.888133,37.477843,126.888232,37.477896,126.888305,37.477941,126.889045,37.478545,126.889083,37.478575,126.889402,37.478759,126.889533,37.478865,126.889817,37.479103,126.889998,37.479274
3:126.889804,37.479562,126.889802,37.479553,126.889794,37.479507,126.889828,37.479393,126.889831,37.479375,126.889843,37.479337,126.88988,37.479271,126.890051,37.479004,126.890099,37.478935,126.890662,37.478294,126.891443,37.477413,126.892018,37.476764,126.8929,37.475768,126.893977,37.474481,126.894508,37.473795,126.895486,37.47257,126.895864,37.472089,126.896048,37.471908,126.896277,37.471739,126.896588,37.471602,126.896897,37.471506,126.897244,37.471416,126.897773,37.471347,126.898012,37.471327,126.898364,37.471315
3:126.898036,37.471541,126.897809,37.471559,126.897308,37.471625,126.896988,37.471708,126.896703,37.471796,126.896436,37.471913,126.896246,37.472054,126.896084,37.472213,126.895714,37.472684,126.894737,37.473908,126.894204,37.474596,126.893122,37.475889,126.892238,37.476887,126.891663,37.477536,126.890882,37.478417,126.890328,37.479047,126.89029,37.479103,126.890122,37.479365
3:126.887073,37.47774,126.886821,37.477716,126.886104,37.477564,126.885199,37.47731,126.884943,37.477235,126.884864,37.477215
2:126.885025,37.476845,126.885363,37.476942,126.886261,37.477208,126.886939,37.477426,126.887163,37.477544
2:126.887991,37.478024,126.887915,37.47799,126.887842,37.477963,126.887043,37.477734,126.88127,37.476045,126.880829,37.475939
1:126.880907,37.475735,126.881356,37.475842,126.887135,37.477533,126.887946,37.477765,126.888039,37.4778,126.888123,37.477838
2:126.887944,37.477874,126.888376,37.477333,126.888744,37.476871,126.889174,37.476325,126.88943,37.476016,126.8872,37.474857,126.886063,37.474301
4:126.886204,37.474119,126.887344,37.474676,126.889803,37.475954,126.889401,37.476441,126.888972,37.476985,126.888604,37.477447,126.888171,37.477988
2:126.884852,37.476912,126.885198,37.476086,126.885832,37.47463,126.886004,37.474179
2:126.886262,37.474241,126.886088,37.474696,126.885453,37.476154,126.885107,37.476979
1:126.883233,37.476718,126.883061,37.476666,126.881415,37.476181,126.881367,37.476153,126.881334,37.476129,126.88126,37.476043,126.881242,37.476035
4:126.881327,37.475837,126.881348,37.475839,126.881507,37.475814,126.881591,37.475826,126.881904,37.475906,126.883215,37.476307,126.883317,37.476331,126.883396,37.47635
1:126.886006,37.474174,126.886308,37.473507,126.886955,37.471991,126.887631,37.4705
1:126.887885,37.470573,126.88721,37.472061,126.886563,37.473577,126.88626,37.474246
2:126.898361,37.471316,126.899063,37.47128,126.900421,37.471187,126.900771,37.471114,126.901142,37.471036,126.90183,37.470895,126.902224,37.470814,126.902935,37.470681
3:126.902996,37.47089,126.902288,37.471021,126.901898,37.471102,126.901211,37.471243,126.90084,37.471321,126.900467,37.471398,126.899084,37.471493,126.898377,37.471529,126.898028,37.471541
2:126.897888,37.471443,126.897724,37.469882,126.897707,37.469621
2:126.898316,37.469554,126.898384,37.470361,126.898491,37.471315,126.898504,37.471411
3:126.887753,37.47043,126.889116,37.470387,126.890182,37.470341,126.891662,37.470275,126.892658,37.470239,126.892933,37.470228,126.893647,37.470202,126.89486,37.470009,126.896036,37.469813,126.897815,37.469511,126.898155,37.469457
2:126.898208,37.469666,126.897869,37.46972,126.896092,37.470022,126.894914,37.470218,126.893679,37.470415,126.892946,37.470442,126.892672,37.470453,126.891675,37.470489,126.890197,37.470555,126.889128,37.470601,126.887763,37.470643
3:126.887631,37.470501,126.888169,37.469297,126.888959,37.467533,126.889381,37.466587,126.889461,37.466404
1:126.889715,37.466474,126.889635,37.466658,126.889213,37.467604,126.888423,37.469369,126.887885,37.470572
1:126.886402,37.46954,126.88512,37.469166,126.883866,37.46883,126.883833,37.468821
3:126.897707,37.469621,126.89768,37.469197,126.897628,37.468326,126.897603,37.468065,126.897435,37.466615,126.897422,37.466527
2:126.895425,37.484647,126.893517,37.485545,126.892471,37.486025,126.891805,37.486334,126.891518,37.486485,126.891395,37.486636,126.891234,37.48683,126.890772,37.48738,126.890527,37.487687,126.890251,37.487977,126.889759,37.488436
4:126.889554,37.488298,126.890041,37.487843,126.890305,37.487565,126.890546,37.487264,126.89101,37.486712,126.891169,37.486519,126.891323,37.486331,126.891663,37.486153,126.892335,37.48584,126.893381,37.48536,126.895288,37.484463
1:126.879863,37.495175,126.879844,37.494926,126.879832,37.494767,126.879839,37.494499,126.879937,37.49352,126.879953,37.493242,126.879985,37.492562,126.880004,37.492219,126.880078,37.49124,126.880113,37.490626,126.88013,37.490204,126.880187,37.488609,126.880195,37.488404
1:126.880464,37.488411,126.880456,37.488615,126.880399,37.490211,126.880382,37.490635,126.880347,37.491251,126.880273,37.49223,126.880254,37.492571,126.880223,37.493251,126.880206,37.493534,126.880108,37.49451,126.880102,37.494763,126.880113,37.494914,126.880132,37.495162
3:126.883506,37.480661,126.883093,37.481664
2:126.882837,37.481598,126.88325,37.480595
4:126.883424,37.480528,126.884446,37.480823,126.885516,37.481134
3:126.885423,37.481335,126.884354,37.481024,126.883332,37.480728
3:126.892921,37.490585,126.892616,37.49039,126.892583,37.490371,126.891951,37.489977,126.891456,37.489667,126.890303,37.488957,126.889568,37.488448
3:126.889745,37.488287,126.890474,37.488792,126.891622,37.489499,126.892118,37.489809,126.892746,37.490201,126.892779,37.49022,126.89309,37.490419
2:126.884495,37.482366,126.88438,37.48232399999999,126.882904,37.481726
2:126.885601,37.48125699999999,126.885576,37.481353,126.885543,37.48145399999999,126.885296,37.482286,126.885265,37.482326,126.885234,37.482352,126.885195,37.482375,126.885151,37.48239,126.884855,37.482453,126.884733,37.482447
4:126.883026,37.481536,126.884497,37.482131,126.884608,37.482171
4:126.884751,37.48223399999999,126.884828,37.482238,126.885062,37.482187,126.885059,37.482189,126.885056,37.482191,126.885051,37.482195,126.885043,37.482205,126.885281,37.481403,126.885313,37.481304,126.885337,37.481213
2:126.886195,37.484852,126.886239,37.484917,126.886638,37.485187,126.887091,37.485682,126.887164,37.485768,126.887548,37.486217,126.888225,37.487027,126.888695,37.487544,126.888765,37.487607,126.889054,37.487814,126.889744,37.488286
4:126.889569,37.488448,126.888876,37.487975,126.888572,37.487757,126.888484,37.487677,126.888003,37.487148,126.887325,37.486336,126.886941,37.485888,126.88687,37.485805,126.886438,37.485334,126.886025,37.485054,126.885957,37.484952
3:126.883251,37.480594,126.883585,37.479807,126.884018,37.478787,126.88438,37.477971,126.884777,37.477077,126.884853,37.47691
2:126.885106,37.476982,126.885031,37.477149,126.884634,37.478042,126.884273,37.478857,126.88384,37.479876,126.883506,37.480662
4:126.885538,37.481143,126.886643,37.481663,126.886838,37.481766
4:126.886503,37.481846,126.885401,37.481327
3:126.88817,37.47799,126.88773,37.478517,126.887453,37.478856,126.887007,37.479412,126.886869,37.479589,126.886505,37.480038,126.886062,37.480591,126.885693,37.481066,126.885663,37.48111,126.885645,37.481147,126.885598,37.481267
3:126.885341,37.481203,126.885391,37.481077,126.885418,37.481021,126.88546,37.480959,126.885834,37.480478,126.886278,37.479923,126.886641,37.479476,126.886778,37.479298,126.887226,37.47874,126.887504,37.4784,126.887945,37.477872
1:126.88019,37.488209,126.880185,37.488001,126.880185,37.48764,126.880213,37.487399,126.8803,37.487046,126.880414,37.486684,126.880788,37.485814,126.880952,37.485509
1:126.881042,37.485886,126.880673,37.486744,126.880563,37.487092,126.88048,37.487429,126.880454,37.48765,126.880454,37.488
2:126.880949,37.485513,126.881099,37.485192,126.881515,37.484282,126.881902,37.483555,126.882299,37.482746,126.882578,37.482209,126.882837,37.481597
1:126.883093,37.481665,126.882831,37.482284,126.882549,37.482825,126.882152,37.483635,126.881766,37.48436,126.881352,37.485266,126.881201,37.48559,126.881038,37.485894
3:126.879004,37.485913,126.879252,37.48535,126.879404,37.485002,126.879439,37.484922,126.879614,37.484532,126.879689,37.484352,126.880022,37.483607,126.880243,37.483089,126.880556,37.48242,126.880606,37.482304,126.881134,37.48114,126.881167,37.481064
3:126.881422,37.481133,126.881388,37.481211,126.88086,37.482375,126.88081,37.482492,126.880497,37.48316,126.880277,37.483677,126.879944,37.484421,126.879869,37.484602,126.879694,37.484993,126.879659,37.485073,126.879506,37.48542,126.879258,37.485983
1:126.875755,37.48945,126.876782,37.48818
1:126.876787,37.48817499999999,126.877104,37.487828,126.877577,37.48728,126.877794,37.487093,126.878275,37.486749,126.87833,37.486712,126.878486,37.48660699999999,126.878794,37.486436,126.878872,37.48639399999999,126.879262,37.486222,126.879774,37.48603
1:126.876255,37.488367,126.876243,37.48840299999999,126.876241,37.488422,126.876248,37.48843999999999,126.876258,37.48845,126.876284,37.48846499999999,126.876278,37.488463,126.876285,37.48846,126.876329,37.488457,126.876382,37.48843,126.876552,37.488347,126.876803,37.48816
1:126.877275,37.485818,126.877287,37.48582,126.877294,37.48582,126.877407,37.485811,126.877452,37.48581,126.877489,37.485814,126.877627,37.485843,126.878309,37.486138,126.878372,37.486158,126.878411,37.486165,126.878522,37.486178,126.878703,37.486182,126.878795,37.486172,126.878869,37.48616,126.879274,37.486062,126.879333,37.486053,126.879394,37.486048,126.87982,37.48602
1:126.879569,37.486787,126.879626,37.48681,126.87972,37.486819,126.879815,37.486808,126.879905,37.486782,126.879943,37.486762,126.879972,37.486738,126.879998,37.486711,126.880018,37.486664,126.880028,37.486604,126.880019,37.486549,126.880008,37.486512,126.879998,37.486496,126.879985,37.486479,126.879959,37.486456,126.879922,37.486431,126.879875,37.486412,126.879769,37.486383,126.879645,37.486376,126.879493,37.486387,126.879364,37.48642
1:126.876929,37.489012,126.8767,37.48911799999999,126.876663,37.489139,126.876633,37.48915699999999,126.876607,37.48919099999999,126.876446,37.48943,126.876364,37.489547
1:126.877177,37.488443,126.877192,37.488545,126.877201,37.488622,126.877201,37.488675,126.877193,37.48873,126.877178,37.488784,126.877152,37.488837,126.877116,37.48888099999999,126.877073,37.488924,126.876944,37.489004
1:126.877822,37.48660699999999,126.8779,37.48656,126.878084,37.486521,126.878226,37.486532,126.878439,37.48657899999999,126.878567,37.486645,126.878646,37.48675099999999,126.878683,37.486853,126.878686,37.486963,126.878656,37.48706,126.878598,37.48715899999999,126.878524,37.487216,126.878439,37.487279
1:126.879662,37.487436,126.87944,37.487326,126.8792,37.48725999999999,126.879149,37.487248,126.879076,37.487231,126.878963,37.4872,126.878908,37.487205,126.878836,37.48720399999999,126.878798,37.4872,126.878712,37.487217,126.878629,37.487237,126.8785,37.487273,126.878389,37.487302
1:126.878431,37.487284,126.878101,37.487492,126.877991,37.487585,126.87797,37.487602,126.877846,37.48768799999999,126.87783,37.48770499999999,126.877776,37.48777799999999,126.87771,37.487906,126.877677,37.48798099999999,126.877652,37.488064,126.877622,37.488207,126.877599,37.48837799999999,126.877573,37.488556,126.877562,37.488606,126.87754,37.488658,126.877504,37.488705,126.877462,37.48875,126.87741,37.488793,126.877333,37.488842,126.876924,37.489014
1:126.879776,37.486029,126.880534,37.48576,126.881197,37.485501,126.881653,37.485273,126.881856,37.48516,126.883179,37.484288,126.885208,37.482891,126.885479,37.482704,126.88564,37.482604
1:126.886694,37.482085,126.886229,37.482517,126.885805,37.482773,126.885651,37.482869,126.885384,37.483053,126.883353,37.484451,126.882019,37.48533,126.881802,37.485451,126.881329,37.485688,126.880649,37.485954,126.879888,37.486223,126.879385,37.486413,126.879013,37.486576,126.878947,37.486612,126.87865,37.486776,126.878505,37.486875,126.878452,37.486911
3:126.886456,37.481699,126.886914,37.481089,126.887394,37.4805,126.887601,37.480267,126.887838,37.48008,126.88868,37.479626,126.889027,37.479484,126.889461,37.479355,126.889696,37.479282
2:126.89007,37.47959199999999,126.889969,37.479616
2:126.890125,37.479359,126.890099,37.479408,126.890095,37.479418,126.890093,37.479433,126.890062,37.479537
2:126.88997,37.479615,126.889948,37.479621,126.889644,37.479696,126.889442,37.47976,126.889309,37.479811,126.889172,37.479871,126.888993,37.479966,126.888579,37.480202,126.888329,37.480364,126.888122,37.480512,126.887918,37.480688,126.887823,37.480787,126.887608,37.481039,126.887319,37.481404,126.886874,37.481916
1:126.893015,37.47864,126.89357,37.478551,126.893959,37.478485,126.894755,37.478353,126.895023,37.47833,126.895292,37.478313,126.895666,37.478306,126.895865,37.478314,126.896111,37.47833,126.896716,37.478412,126.898073,37.478639,126.899452,37.478874
1:126.897985,37.478966,126.897758,37.478921,126.896621,37.478742,126.8964,37.478705,126.896073,37.478657,126.895904,37.478646,126.895798,37.478638,126.895676,37.478636,126.895546,37.478642,126.895299,37.47865,126.895141,37.478661,126.895041,37.478673,126.894531,37.478758,126.893671,37.478921,126.893275,37.478992
2:126.879261,37.485978,126.879233,37.486053,126.879205,37.486172,126.879187,37.486255,126.879188,37.486304,126.879195,37.486361,126.879216,37.486422,126.879285,37.486517,126.879361,37.486609,126.879603,37.486807
1:126.889704,37.479279,126.889854,37.479241,126.889963,37.479214,126.890319,37.47913,126.890439,37.479108,126.891023,37.478987,126.891715,37.478863,126.893013,37.478641
4:126.893275,37.478992,126.892005,37.479221,126.890728,37.47945,126.890558,37.479479,126.890387,37.479514,126.890072,37.479591
3:126.897784,37.487731,126.897737,37.487683,126.897453,37.487418,126.897382,37.487352,126.89717,37.487092,126.897062,37.486946,126.896893,37.486718,126.896221,37.485858
2:126.89645,37.485745,126.897123,37.486607,126.897294,37.486838,126.897399,37.48698,126.897603,37.48723
1:126.896221,37.485858,126.895242,37.484611
2:126.895471,37.484498,126.89645,37.485745
3:126.898683,37.483652,126.898818,37.483825,126.898859,37.483918,126.89887,37.484014,126.898867,37.48417,126.898828,37.484335,126.898777,37.484499,126.898703,37.484647,126.898621,37.48476,126.898439,37.484888,126.898327,37.484946,126.897351,37.48542,126.897264,37.485464,126.896408,37.485892
3:126.896264,37.485711,126.89712,37.485283,126.897209,37.485238,126.898184,37.484764,126.898276,37.484718,126.898409,37.484624,126.898459,37.484553,126.89852,37.484433,126.898564,37.48429,126.898598,37.484148,126.898601,37.484022,126.898594,37.483964,126.898573,37.483917,126.898454,37.483764
3:126.87914,37.479368,126.879514,37.478518,126.879748,37.477998,126.87993,37.477584,126.880136,37.477138,126.880741,37.475801
2:126.880995,37.475873,126.88039,37.477211,126.880184,37.477656,126.880002,37.478069,126.879768,37.478589,126.879395,37.479439
2:126.880741,37.475803,126.880882,37.475471,126.881234,37.474681,126.881595,37.473828,126.882025,37.472847,126.882302,37.47223
1:126.882556,37.472302,126.882279,37.472918,126.88185,37.473897,126.881489,37.47475,126.881136,37.475541,126.880996,37.475871
1:126.882302,37.47223,126.882771,37.471188,126.88326,37.470088,126.883348,37.469891,126.883658,37.469185,126.883732,37.468735,126.88374,37.468706,126.88375,37.468684
2:126.884004,37.468755,126.884,37.468764,126.883998,37.468771,126.883921,37.469235,126.883602,37.469961,126.883514,37.470159,126.883025,37.47126,126.882556,37.472302
4:126.881167,37.481063,126.881424,37.480488,126.881621,37.480057
1:126.881874,37.480129,126.881677,37.48056,126.881421,37.481134
1:126.88162,37.480059,126.881936,37.479316,126.882159,37.478782,126.882236,37.478599,126.882464,37.47809,126.882533,37.477943,126.882612,37.477762,126.882729,37.477505,126.883155,37.476582
3:126.883408,37.476655,126.882982,37.477578,126.882866,37.477833,126.882786,37.478015,126.882717,37.478163,126.882491,37.478669,126.882415,37.47885,126.882191,37.479383,126.881875,37.480127
1:126.883155,37.476582,126.883229,37.476417,126.884755,37.472932
2:126.88501,37.473002,126.883484,37.476488,126.883408,37.476655
1:126.884756,37.472931,126.885213,37.47191,126.885873,37.470393,126.886322,37.469403
2:126.886575,37.469475,126.886127,37.470464,126.885468,37.471981,126.885009,37.473003
3:126.879312,37.479302,126.880885,37.479738,126.881792,37.479992
3:126.881702,37.480194,126.880796,37.47994,126.879223,37.479504
3:126.882474,37.472165,126.884928,37.472867
2:126.884837,37.473068,126.882383,37.472367
4:126.886332,37.481864,126.886456,37.481699
4:126.885618,37.482621,126.885934,37.48230999999999,126.886338,37.481857
4:126.881006,37.48545899999999,126.881348,37.485295,126.881744,37.48505699999999,126.882691,37.484444,126.883068,37.484191,126.884496,37.483214,126.884838,37.482977,126.885011,37.482867,126.885095,37.482813,126.885382,37.48262,126.88575,37.482357,126.885803,37.48232,126.885884,37.482258,126.886154,37.48201,126.88635,37.481846
2:126.886866,37.481924,126.886706,37.482074,126.886615,37.482229,126.886285,37.482601,126.886264,37.482622,126.885854,37.482917,126.885632,37.483078,126.885494,37.483179,126.885294,37.483312,126.884634,37.483761,126.884453,37.483887,126.882753,37.485039,126.881995,37.485511,126.881221,37.48588,126.880959,37.485953
1:126.877845,37.47495,126.878422,37.475108,126.878618,37.475158,126.880823,37.475715,126.880906,37.475735
3:126.878335,37.47531099999999,126.877756,37.475152
3:126.88083,37.47594,126.880744,37.47591899999999,126.878536,37.475362,126.878338,37.475312
3:126.878375,37.47531699999999,126.878335,37.47531599999999,126.878303,37.47531699999999,126.87827,37.475323,126.878248,37.475331,126.878229,37.475341,126.87821,37.475354
3:126.878739,37.475081,126.878984,37.475148,126.880597,37.47558,126.880654,37.475599,126.880817,37.475709,126.880851,37.475725
2:126.880775,37.475924,126.880733,37.475922,126.880588,37.475931,126.880519,37.475935,126.880446,37.475927,126.878799,37.475541,126.878548,37.475485
2:126.883988,37.46877899999999,126.883682,37.46913899999999,126.883531,37.46928599999999,126.883414,37.46923999999999,126.883424,37.46923999999999,126.883481,37.46922899999999,126.883494,37.46922,126.883184,37.46963,126.882948,37.46994399999999,126.882637,37.470302
2:126.885994,37.466151,126.884482,37.467943,126.883883,37.468639,126.883553,37.469035,126.883219,37.46943,126.883066,37.469627,126.882941,37.46980599999999,126.882889,37.469918,126.882844,37.47,126.882794,37.470097,126.882727,37.470193,126.882639,37.4703
2:126.882637,37.470302,126.882554,37.470398,126.882363,37.470623,126.882152,37.47087,126.881826,37.471234,126.881791,37.47126999999999,126.881677,37.471368,126.881452,37.471555,126.881322,37.471673,126.881214,37.47178699999999,126.880907,37.472135,126.880726,37.47235,126.880666,37.472425,126.880352,37.472819,126.880276,37.47292,126.880065,37.473199,126.879975,37.473323,126.879748,37.473655,126.879575,37.473908,126.879282,37.474362,126.879117,37.474628,126.878995,37.474822
4:126.876979,37.477224,126.877448,37.476499,126.877743,37.476037,126.878292,37.475183,126.878527,37.474804,126.878791,37.474384,126.879133,37.473846,126.879418,37.473439,126.879697,37.47307,126.880047,37.472617,126.880364,37.472214,126.880631,37.471892,126.880841,37.471653,126.881173,37.471255,126.881462,37.470879,126.881686,37.470612,126.881852,37.470427,126.881968,37.470298,126.882078,37.470184,126.882214,37.470036,126.8825,37.46971,126.882625,37.469565,126.882897,37.469246,126.883065,37.469049,126.88323,37.46885,126.883512,37.46852,126.88383,37.468148,126.884263,37.46764,126.884519,37.467343
2:126.88451,37.476774,126.884411,37.477071,126.884021,37.476956,126.883307,37.476741,126.883233,37.476718
2:126.883403,37.476352,126.88417,37.476572,126.884426,37.476646
1:126.879833,37.487274,126.879896,37.487329,126.880188,37.487582,126.880351,37.48777,126.880487,37.487995,126.880572,37.488175,126.88135,37.489899
1:126.881097,37.489971,126.880319,37.488249,126.880239,37.488079,126.880118,37.487877,126.879977,37.487716,126.879697,37.487473,126.879633,37.487417
1:126.876555,37.485589,126.876823,37.485659,126.877047,37.48573,126.877229,37.485797,126.877308,37.485827,126.878328,37.486256,126.878426,37.486302,126.87851,37.486342,126.87866,37.486429,126.879062,37.486674,126.879522,37.487004,126.879832,37.487273
2:126.879634,37.487417,126.879332,37.487156,126.87889,37.486838,126.878499,37.4866,126.878361,37.486521,126.878288,37.486486,126.878196,37.486442,126.877187,37.486018,126.877114,37.48599,126.87694,37.485927,126.876731,37.485861,126.87647,37.485792
