2:126.909013,37.492485,126.908954,37.49243,126.90844,37.491832,126.907855,37.491121,126.907542,37.490723,126.907353,37.490491,126.906567,37.489555,126.906191,37.489115,126.906122,37.489027
2:126.906599,37.48876,126.906821,37.489017,126.907865,37.490255,126.908146,37.490599,126.908599,37.491202,126.909253,37.491966,126.909334,37.492061,126.909424,37.492165,126.90949,37.492244,126.909582,37.492343
3:126.902372,37.491627,126.902781,37.491153,126.902924,37.490987,126.903227,37.490633,126.903249,37.490608,126.903499,37.490388,126.903881,37.49013,126.904355,37.489877,126.904531,37.48978,126.906158,37.488884,126.906407,37.488735
3:126.906314,37.489059,126.904685,37.489956,126.904506,37.490054,126.904044,37.490301,126.903687,37.490542,126.903461,37.49074,126.90345,37.490754,126.903146,37.491108,126.903003,37.491273,126.902595,37.491748
3:126.902382,37.491757,126.902169,37.491561,126.901631,37.491069,126.90131,37.490777,126.900723,37.490278,126.900554,37.490125,126.90038,37.489973,126.900223,37.489835,126.900144,37.48977,126.900013,37.489657,126.899951,37.489604,126.899787,37.489456,126.899742,37.489416,126.899568,37.489255,126.899119,37.488855,126.898754,37.488533,126.898622,37.488417,126.898446,37.488264,126.898409,37.488233,126.897819,37.48776,126.897796,37.487742
3:126.897592,37.487218,126.897657,37.487279,126.897947,37.487548,126.897992,37.487595,126.89801,37.487609,126.898603,37.488085,126.898643,37.488119,126.898821,37.488273,126.898954,37.48839,126.89932,37.488713,126.899771,37.489114,126.899945,37.489276,126.899989,37.489315,126.90015,37.489461,126.90021,37.489511,126.900341,37.489623,126.900421,37.48969,126.90058,37.48983,126.900755,37.489983,126.900923,37.490134,126.90151,37.490634,126.901834,37.490929,126.902373,37.491421,126.902586,37.491618
1:126.922621,37.490202,126.918218,37.490099,126.917755,37.490068,126.917461,37.490041,126.916936,37.489966,126.916693,37.489907,126.916414,37.489801,126.91613,37.489659,126.91586,37.489496,126.91565,37.489372,126.9132,37.487885,126.91207,37.487248,126.911481,37.486988,126.911071,37.486833,126.910375,37.486593,126.910018,37.486473,126.90899,37.486127,126.907607,37.485699,126.906618,37.485432,126.905791,37.485236
1:126.899959,37.485617,126.900862,37.485189,126.901171,37.485066,126.901435,37.484979,126.901799,37.484885,126.90204,37.48483,126.902304,37.484782,126.903034,37.484718,126.90345,37.484704,126.905194,37.48467,126.905621,37.484672,126.905848,37.484683,126.906114,37.484707,126.906327,37.484737,126.906594,37.484786,126.906874,37.484851,126.911038,37.486011,126.911468,37.486163,126.911988,37.486394,126.912382,37.486595,126.913313,37.487156,126.915867,37.488776,126.916293,37.48908,126.916509,37.48927,126.916782,37.489478,126.916918,37.489568,126.917074,37.489635,126.917217,37.489679,126.917383,37.489704,126.917724,37.489742,126.918106,37.489766,126.918369,37.48977,126.922331,37.489869,126.922479,37.489871,126.922772,37.489855
2:126.918494,37.489577,126.918284,37.489543,126.917227,37.489327,126.916864,37.489214,126.916642,37.489123,126.916344,37.488987,126.916068,37.488831,126.915811,37.488668,126.915382,37.488401,126.915124,37.48825,126.914871,37.488094,126.91461,37.487925,126.91433,37.487743,126.914136,37.487622,126.913308,37.487099
1:126.913476,37.486932,126.914304,37.487455,126.914499,37.487577,126.91478,37.487759,126.915039,37.487926,126.915287,37.48808,126.915545,37.488231,126.915978,37.488501,126.91623,37.488661,126.916489,37.488807,126.916771,37.488935,126.916975,37.489019,126.917311,37.489123,126.918345,37.489335,126.918548,37.489368
2:126.919497,37.489177,126.919536,37.48917,126.919875,37.489101,126.920044,37.489059,126.920316,37.488968,126.920612,37.488846,126.920787,37.488762,126.921162,37.48855,126.921457,37.488356,126.9217,37.488161,126.921847,37.487997,126.922041,37.48776,126.92231,37.487345,126.922563,37.486916,126.922841,37.486472
1:126.923082,37.486568,126.922806,37.487008,126.922552,37.487439,126.922275,37.487868,126.922069,37.488117,126.921907,37.488299,126.921639,37.488513,126.921327,37.48872,126.920935,37.48894,126.920744,37.489032,126.92043,37.489162,126.920136,37.48926,126.919948,37.489306,126.919598,37.489378,126.919553,37.489386
3:126.906408,37.488735,126.907387,37.488155,126.908319,37.487593,126.908604,37.487438,126.908806,37.487349,126.908888,37.487318,126.909194,37.48721,126.909441,37.487133,126.909753,37.487062,126.910052,37.487027,126.910441,37.487009,126.910753,37.487017,126.910969,37.487037,126.911076,37.487051,126.911216,37.487073,126.911507,37.48713,126.91172,37.487193,126.911888,37.487252,126.912632,37.487545,126.912613,37.487545,126.912565,37.487552,126.912547,37.487557,126.913295,37.486942
3:126.913489,37.48709,126.912699,37.48774,126.912637,37.487759,126.912569,37.487759,126.911773,37.487445,126.911618,37.487391,126.911428,37.487335,126.911158,37.487282,126.911028,37.487262,126.910932,37.487249,126.910732,37.487231,126.910444,37.487223,126.910079,37.48724,126.90981,37.487271,126.909528,37.487335,126.909298,37.487407,126.909001,37.487512,126.908929,37.487539,126.908746,37.48762,126.908477,37.487767,126.907549,37.488326,126.906569,37.488906,126.906318,37.489056
2:126.906123,37.489028,126.905646,37.488431,126.905101,37.487755,126.90443,37.486941,126.903823,37.486205,126.90315,37.485407,126.902574,37.484694,126.902509,37.484611
2:126.903159,37.48446599999999,126.903836,37.485349
2:126.903834,37.485347,126.903865,37.485385,126.904206,37.485796,126.904909,37.486688,126.905197,37.487056,126.905597,37.48755599999999,126.906541,37.488692,126.9066,37.488761
2:126.905853,37.48523,126.905589,37.485275,126.905309,37.48527899999999,126.904885,37.485299,126.904465,37.48532,126.904055,37.48536,126.903984,37.48536899999999,126.9039,37.485401,126.903839,37.485432,126.903832,37.48544,126.903855,37.485404,126.903849,37.485421,126.903853,37.485379,126.903855,37.485392
3:126.89739,37.487216,126.897631,37.487004,126.897849,37.486828,126.898412,37.486447,126.899352,37.485918,126.89994,37.485626,126.900219,37.48538,126.900471,37.48523,126.900622,37.485122,126.900789,37.485035,126.900972,37.484952,126.90103,37.484883,126.901104,37.484793,126.90119,37.484737,126.901502,37.484667,126.9026,37.484449,126.903031,37.484415
2:126.900561,37.486023,126.899834,37.486465,126.898661,37.48715099999999,126.898211,37.48752,126.897996,37.487733
2:126.905803,37.485238,126.905559,37.485199,126.904943,37.48519,126.902745,37.485331,126.902335,37.48538,126.901798,37.485502,126.901412,37.48561,126.900876,37.485836,126.900559,37.486024
2:126.903295,37.485452,126.903201,37.48546999999999,126.903159,37.485471,126.903116,37.48547099999999,126.902776,37.485447,126.902665,37.485446,126.902353,37.485488,126.902196,37.48551499999999,126.901912,37.485577,126.901432,37.485721,126.900969,37.485903,126.900762,37.486005,126.900701,37.486027,126.90063,37.486039,126.900486,37.486045
3:126.913309,37.4871,126.911949,37.486249,126.911746,37.486162,126.911337,37.486004,126.910943,37.48588,126.910609,37.485789,126.909526,37.485472,126.909485,37.485459,126.909109,37.48535
3:126.909202,37.485149,126.909582,37.485259,126.909623,37.485272,126.9107,37.485588,126.911036,37.48568,126.911446,37.485809,126.911868,37.485972,126.912097,37.486069,126.913476,37.486932
4:126.913274,37.486965,126.913339,37.48687,126.913374,37.486796,126.913396,37.486701,126.913501,37.48619,126.91357,37.485865,126.913586,37.485779,126.913671,37.48532,126.913772,37.484831
4:126.914038,37.484865,126.913938,37.485353,126.913853,37.48581,126.913836,37.485898,126.913766,37.486225,126.913661,37.486737,126.913634,37.486854,126.913585,37.486959,126.913511,37.487067
3:126.922928,37.486624,126.922356,37.48651,126.922291,37.486496,126.920966,37.486254,126.91972,37.486031,126.918451,37.485793,126.918044,37.485714,126.916399,37.485412,126.915325,37.485215,126.914899,37.485139,126.913875,37.484952
2:126.913936,37.484744,126.914958,37.484931,126.915384,37.485006,126.91646,37.485204,126.918106,37.485506,126.918514,37.485585,126.919781,37.485823,126.921026,37.486046,126.922356,37.486289,126.922423,37.486303,126.922994,37.486416
1:126.909113,37.485351,126.907821,37.485006,126.906363,37.484621,126.906123,37.48458,126.905826,37.484552,126.905621,37.48455,126.904186,37.484597,126.903821,37.484607,126.903049,37.484629
2:126.90304,37.484415,126.903811,37.484394,126.904176,37.484383,126.905617,37.484336,126.905843,37.484338,126.906166,37.484369,126.906434,37.484414,126.907906,37.484803,126.909198,37.485148
1:126.909048,37.485314,126.908738,37.48499,126.908288,37.484555,126.908135,37.4844,126.907995,37.484256,126.907489,37.483737
2:126.907702,37.483606,126.908208,37.484125,126.908348,37.484269,126.908498,37.484421,126.908949,37.484857,126.909263,37.485184
3:126.913874,37.484952,126.913262,37.484837,126.912558,37.484712,126.911842,37.484584,126.911448,37.484509,126.911026,37.484416,126.910719,37.484315,126.91017,37.484097,126.909562,37.483868,126.909468,37.483853,126.909366,37.483844,126.908946,37.483828,126.90866,37.483816,126.907735,37.48379,126.907582,37.483778
3:126.907609,37.483565,126.907753,37.483576,126.908672,37.483603,126.90896,37.483615,126.909387,37.483631,126.909509,37.483642,126.909648,37.483664,126.910288,37.483905,126.910831,37.48412,126.911114,37.484214,126.911516,37.484302,126.911903,37.484376,126.912617,37.484503,126.913323,37.484629,126.913936,37.484744
4:126.913772,37.484831,126.913781,37.484786,126.913995,37.483716,126.914248,37.482467,126.91436,37.48188,126.914389,37.481748
2:126.914626,37.481913,126.914514,37.4825,126.914262,37.48375,126.914048,37.484819,126.914038,37.484865
3:126.902401,37.483757,126.902962,37.483474,126.903096,37.483415,126.903185,37.483389,126.903283,37.483381,126.903629,37.483376,126.904144,37.48336,126.905405,37.483309,126.905895,37.483292,126.906171,37.48331,126.90647,37.483345,126.90733,37.483523,126.90762,37.483566
2:126.907571,37.483776,126.907271,37.483732,126.906416,37.483554,126.90614,37.483522,126.905891,37.483507,126.905418,37.483523,126.904156,37.483574,126.903637,37.48359,126.903301,37.483594,126.903247,37.483599,126.903208,37.48361,126.9031,37.483658,126.902546,37.483937
2:126.90251,37.484613,126.90205,37.484045,126.90098,37.482715
2:126.901621,37.482626,126.901972,37.483041,126.902245,37.483366,126.902586,37.483788,126.903156,37.484462
2:126.925845,37.483942,126.925458,37.483889,126.923335,37.483604,126.922664,37.483503,126.922392,37.483458,126.921544,37.483294,126.920018,37.483014,126.91861,37.482755,126.918358,37.482707,126.918243,37.482687,126.918004,37.482643,126.917819,37.482608,126.916142,37.482303,126.915459,37.48218,126.914463,37.482001
1:126.914551,37.481662,126.916247,37.481963,126.916888,37.482076,126.917621,37.482201,126.917918,37.482255,126.918025,37.482274,126.918298,37.482325,126.918448,37.482354,126.919592,37.482563,126.92012,37.482663,126.920731,37.482781,126.921176,37.482858,126.921648,37.482949,126.922702,37.483149,126.923031,37.483203,126.924034,37.483351,126.925987,37.483632
3:126.898503,37.483615,126.899419,37.483205,126.899732,37.483079,126.900383,37.482812,126.901035,37.482562
3:126.901152,37.482754,126.900504,37.483003,126.899855,37.48327,126.899546,37.483394,126.898635,37.483801
2:126.907491,37.483739,126.907262,37.483516,126.906875,37.483116,126.906543,37.482772,126.906472,37.482699,126.906257,37.482477,126.906028,37.482256,126.905462,37.481665,126.90474,37.480943,126.904592,37.480791,126.904554,37.480757,126.904088,37.480245,126.903874,37.480041,126.903846,37.480012,126.903823,37.479975,126.903814,37.479947,126.903794,37.479793
3:126.904077,37.479901,126.904077,37.4799,126.904076,37.479899,126.904085,37.479909,126.904301,37.480114,126.904766,37.480624,126.904801,37.480656,126.904952,37.480811,126.905674,37.481534,126.90624,37.482123,126.906468,37.482344,126.906685,37.482568,126.906757,37.482641,126.907089,37.482986,126.907474,37.483383,126.9077,37.483604
1:126.90098,37.482716,126.899838,37.481318,126.899479,37.480869,126.899342,37.480681,126.899232,37.480511
3:126.900105,37.480823,126.901159,37.482055,126.901385,37.482339,126.901622,37.482628
3:126.914462,37.482001,126.912353,37.48161,126.912167,37.481574,126.911929,37.48153,126.911197,37.481395,126.911057,37.481367,126.910976,37.481353,126.91029,37.481228,126.909951,37.481163,126.909795,37.481133,126.909698,37.481115,126.90801,37.480798,126.907759,37.480755,126.906485,37.480528,126.904502,37.480147,126.904313,37.48011,126.904002,37.480049,126.903914,37.480032
3:126.903962,37.479678,126.904409,37.479769,126.905427,37.479969,126.906642,37.480194,126.907568,37.480353,126.908099,37.480448,126.909801,37.480763,126.911082,37.480995,126.911305,37.481039,126.912267,37.481222,126.91246,37.481262,126.914553,37.481663
2:126.914388,37.48175,126.91451,37.481138,126.914803,37.479743,126.91495,37.479026,126.914992,37.478788,126.915094,37.478237,126.915204,37.477707
3:126.91547,37.477742,126.91536,37.47827,126.915259,37.478818,126.915217,37.479058,126.915069,37.479778,126.914776,37.481172,126.914654,37.481784,126.914625,37.481916
3:126.901303,37.479548,126.900966,37.479536,126.900836,37.479554,126.900735,37.479577,126.900639,37.479605,126.900533,37.479655,126.900097,37.479937,126.900063,37.479965,126.899983,37.480017,126.899947,37.480047,126.899916,37.480088,126.899882,37.480149,126.899862,37.480197,126.899849,37.480282,126.899852,37.480345,126.899878,37.480455,126.900114,37.480836
1:126.899228,37.480505,126.899115,37.480297,126.898954,37.479973,126.898853,37.479723,126.898774,37.479463,126.898733,37.479286,126.898636,37.478698,126.898595,37.478361,126.898485,37.477512
1:126.899454,37.479685,126.899584,37.480015,126.89971,37.480282,126.899802,37.480449,126.899925,37.480613,126.900105,37.480823
1:126.89925,37.48053199999999,126.899217,37.480502,126.899173,37.48046699999999,126.898857,37.48025,126.898569,37.480083
1:126.898569,37.480083,126.897513,37.47946799999999,126.896815,37.479071,126.896359,37.478808,126.896104,37.478709,126.895869,37.47864
1:126.898475,37.47964,126.898512,37.479666,126.898584,37.479685,126.898696,37.479698,126.898869,37.4797,126.898982,37.479761,126.899056,37.47982,126.899083,37.479877,126.899093,37.479917,126.899102,37.479977,126.899085,37.480051,126.899025,37.480109,126.898948,37.480147,126.898849,37.48016,126.898736,37.480143,126.898596,37.480096
2:126.899439,37.478872,126.899671,37.478893,126.89974,37.47889,126.89978,37.478888,126.899815,37.478877,126.899832,37.478868,126.899855,37.47884,126.899871,37.478811,126.899871,37.478767,126.899864,37.478734,126.899855,37.478719,126.899405,37.478329,126.899403,37.478329,126.899374,37.478325,126.899353,37.478329,126.89932,37.478342,126.899287,37.47836,126.89927,37.478374,126.899255,37.478399,126.899242,37.478432,126.899226,37.478534,126.899215,37.478679
1:126.899065,37.477453,126.899101,37.477549,126.899121,37.477599,126.899148,37.477642,126.89919,37.477689,126.899406,37.477838,126.900273,37.478641,126.900482,37.478836,126.900656,37.478964,126.900771,37.479034,126.900966,37.479103,126.901392,37.479213
1:126.901277,37.479545,126.901136,37.479518,126.899716,37.479265,126.897989,37.478966
1:126.899453,37.478874,126.90138,37.479211
3:126.901384,37.479211,126.901776,37.479291,126.901985,37.479336,126.902501,37.479424,126.903068,37.479525,126.903451,37.479594,126.903843,37.479658,126.903956,37.479677
1:126.903918,37.480032,126.903076,37.479887,126.902548,37.479795,126.902363,37.47976,126.902205,37.479732,126.901378,37.479562,126.90128,37.479545
1:126.899439,37.479659,126.899481,37.479712,126.899505,37.479731,126.899537,37.479748,126.899593,37.479765,126.899665,37.479776,126.899755,37.479769,126.899805,37.479759,126.899853,37.479735,126.899936,37.479678,126.900014,37.479602,126.900036,37.479565,126.900054,37.479517,126.900056,37.479482,126.900051,37.479456,126.900026,37.479413,126.89998,37.479375,126.899883,37.479331,126.899687,37.479258
1:126.898504,37.471415,126.898626,37.472787,126.898743,37.473963,126.898839,37.47522,126.898898,37.4758,126.899,37.476967,126.89907,37.477472,126.89918,37.478364,126.899215,37.478661,126.899252,37.478885,126.899328,37.479286,126.899377,37.479473,126.899455,37.479687
3:126.903794,37.479789,126.903743,37.479197,126.90364,37.478294,126.90361,37.478073,126.903585,37.477788,126.903552,37.477437,126.903531,37.477199,126.903466,37.476507,126.903442,37.476224
4:126.90371,37.476209,126.903735,37.476492,126.9038,37.477184,126.903821,37.477422,126.903854,37.477772,126.903878,37.478054,126.903908,37.478273,126.904012,37.47918,126.904063,37.479773,126.904081,37.479917
2:126.92806,37.479466,126.927856,37.479444,126.927675,37.479418,126.927432,37.479382,126.92701,37.479337,126.92672,37.479306,126.926617,37.479302,126.926298,37.479299,126.925637,37.479216,126.924992,37.479133,126.924732,37.479146,126.924219,37.47916,126.92288,37.479052,126.920017,37.478598,126.919572,37.478518,126.918929,37.478307,126.917714,37.478132,126.916498,37.477976,126.915316,37.47783
2:126.915357,37.477619,126.91654,37.477764,126.917759,37.477921,126.918982,37.478098,126.919667,37.478121,126.920114,37.478183,126.924295,37.478745,126.925692,37.478914,126.926361,37.478987,126.92653,37.479032,126.926671,37.479073,126.926761,37.479095,126.927045,37.479125,126.927474,37.479171,126.927724,37.479207,126.927898,37.479232,126.928097,37.479254
2:126.915316,37.47783,126.913729,37.477635,126.913176,37.47756,126.91271,37.4775,126.912444,37.477466,126.91185,37.477386,126.91104,37.477281,126.910799,37.477245,126.910504,37.477212,126.909846,37.477138,126.909195,37.477055,126.907667,37.476863,126.905957,37.476644,126.904287,37.47642,126.903554,37.476322
3:126.903598,37.476111,126.904332,37.476209,126.906001,37.476433,126.907709,37.476651,126.909237,37.476844,126.909886,37.476926,126.910542,37.477,126.910843,37.477034,126.911087,37.477071,126.911894,37.477175,126.912489,37.477255,126.912753,37.477289,126.91322,37.477349,126.913772,37.477424,126.915357,37.477619
3:126.903442,37.476224,126.90341,37.475865,126.903312,37.474998,126.903209,37.473925,126.903057,37.472381,126.90301,37.47191,126.902934,37.471136,126.902835,37.470811
3:126.903097,37.47076,126.903201,37.471103,126.903279,37.471893,126.903326,37.472365,126.903478,37.473909,126.90358,37.47498,126.903679,37.475848,126.90371,37.476209
2:126.898361,37.471316,126.899063,37.47128,126.900421,37.471187,126.900771,37.471114,126.901142,37.471036,126.90183,37.470895,126.902224,37.470814,126.902935,37.470681
3:126.902996,37.47089,126.902288,37.471021,126.901898,37.471102,126.901211,37.471243,126.90084,37.471321,126.900467,37.471398,126.899084,37.471493,126.898377,37.471529,126.898028,37.471541
3:126.902835,37.470812,126.902551,37.46993,126.902206,37.46889,126.901848,37.467809,126.901697,37.467306,126.901582,37.466901,126.901564,37.466742,126.901571,37.466593,126.901601,37.466458
3:126.901867,37.466496,126.901839,37.466616,126.901834,37.466737,126.901848,37.466868,126.90196,37.467258,126.90211,37.467757,126.902467,37.468836,126.902812,37.469876,126.903096,37.470759
1:126.893015,37.47864,126.89357,37.478551,126.893959,37.478485,126.894755,37.478353,126.895023,37.47833,126.895292,37.478313,126.895666,37.478306,126.895865,37.478314,126.896111,37.47833,126.896716,37.478412,126.898073,37.478639,126.899452,37.478874
3:126.898683,37.483652,126.898818,37.483825,126.898859,37.483918,126.89887,37.484014,126.898867,37.48417,126.898828,37.484335,126.898777,37.484499,126.898703,37.484647,126.898621,37.48476,126.898439,37.484888,126.898327,37.484946,126.897351,37.48542,126.897264,37.485464,126.896408,37.485892
1:126.923299,37.490223,126.922737,37.490063,126.922219,37.489925,126.920261,37.489871,126.920157,37.489879,126.919746,37.489883,126.919513,37.48987,126.919317,37.489844,126.918854,37.489727,126.918607,37.489638,126.918452,37.489564
3:126.918548,37.489368,126.919289,37.48949,126.919576,37.489534,126.920192,37.489638,126.920279,37.489658,126.922244,37.489712,126.922383,37.48971
2:126.915207,37.477697,126.915343,37.477286,126.915509,37.476817,126.915669,37.476411,126.915714,37.47632,126.915779,37.476216,126.915973,37.475966,126.916377,37.475585,126.916505,37.475462,126.916589,37.475354,126.916653,37.475267,126.916678,37.475221,126.916697,37.475129,126.916719,37.475006,126.916736,37.474853,126.916801,37.474584,126.916831,37.474488,126.916875,37.474382,126.916953,37.474275,126.917054,37.474174,126.917157,37.474093,126.917286,37.474017,126.917686,37.473822,126.917981,37.473679,126.918172,37.473533,126.918297,37.47341,126.918769,37.472919
2:126.918983,37.473049,126.918509,37.473542,126.918371,37.473678,126.918146,37.47385,126.917827,37.474005,126.917437,37.474194,126.917333,37.474255,126.917256,37.474316,126.917177,37.474396,126.917122,37.474471,126.91709,37.474547,126.917064,37.474629,126.917003,37.474882,126.916987,37.47503,126.916964,37.475161,126.916938,37.475282,126.916894,37.475363,126.91682,37.475464,126.916724,37.475586,126.916584,37.475721,126.916192,37.476091,126.916015,37.47632,126.91596,37.476407,126.915923,37.476482,126.915767,37.476878,126.915603,37.477343,126.915467,37.477752
2:126.918767,37.472922,126.918976,37.472689,126.91915,37.472474,126.919368,37.47206,126.919594,37.471637,126.919664,37.471493,126.91969,37.471414,126.919718,37.471258,126.91974,37.47107,126.91974,37.470901,126.91976,37.470656,126.91985,37.470067,126.919936,37.469752,126.919959,37.469658,126.919967,37.469598,126.919968,37.469423,126.91996,37.469358,126.919935,37.469229,126.919902,37.4691,126.919828,37.468864,126.919809,37.46878,126.919804,37.468708,126.919807,37.468647,126.919815,37.468573,126.919841,37.468488,126.919889,37.468389,126.920064,37.46817,126.92019,37.467979,126.920303,37.46771,126.920364,37.467556,126.920405,37.467446,126.920426,37.467337,126.920433,37.467271,126.920421,37.467173,126.920407,37.467102,126.920327,37.466852,126.920047,37.466164,126.919905,37.465858,126.919854,37.465766,126.919716,37.465581,126.919436,37.465226
2:126.919664,37.465113,126.919947,37.46547,126.920094,37.465668,126.920155,37.465778,126.920302,37.466094,126.920586,37.466792,126.920672,37.46706,126.920688,37.467147,126.920704,37.46727,126.920693,37.467362,126.920669,37.467492,126.920621,37.467619,126.920559,37.467776,126.920439,37.468062,126.920297,37.468277,126.920131,37.468486,126.920098,37.468552,126.920082,37.468607,126.920076,37.46866,126.920074,37.468706,126.920078,37.468756,126.920092,37.46882,126.920165,37.469053,126.9202,37.469192,126.920228,37.469332,126.920237,37.469414,126.920236,37.469609,126.920226,37.46969,126.9202,37.469795,126.920116,37.470102,126.920028,37.470676,126.92001,37.470908,126.920009,37.471079,126.919986,37.471283,126.919954,37.471456,126.919921,37.471558,126.919844,37.471717,126.919617,37.472144,126.919389,37.472574,126.9192,37.472809,126.918986,37.473046


