1:126.904391,37.535395,126.90454,37.535344,126.904655,37.535294,126.904894,37.535183,126.905119,37.535067,126.905289,37.534958,126.905437,37.534851,126.905508,37.534798,126.905569,37.534748,126.905876,37.534495,126.906491,37.533973,126.907236,37.533253,126.907518,37.532951,126.907751,37.532648,126.90805,37.532232,126.908238,37.531973,126.908454,37.53159,126.908717,37.531004,126.908879,37.530549,126.909361,37.528838,126.909398,37.528704
1:126.909624,37.528884,126.90914,37.530601,126.908974,37.531069,126.908704,37.53167,126.908479,37.53207,126.908284,37.532339,126.907983,37.532757,126.907742,37.53307,126.907449,37.533384,126.906694,37.534114,126.906072,37.534642,126.905762,37.534897,126.905697,37.53495,126.905621,37.535007,126.905465,37.53512,126.905278,37.53524,126.905035,37.535365,126.904789,37.535479,126.904659,37.535536,126.904496,37.535591
1:126.90977,37.527714,126.909983,37.527203,126.91046,37.526273,126.910777,37.525707,126.912165,37.523621
1:126.912403,37.52372,126.91102,37.5258,126.910708,37.526357,126.910236,37.527277,126.910026,37.527781
3:126.905199,37.531952,126.904866,37.531338,126.904432,37.530292,126.904175,37.529572,126.903912,37.52894
3:126.904168,37.528873,126.904432,37.529509,126.90469,37.530229,126.905118,37.531262,126.905446,37.531867
2:126.905597,37.531968,126.905614,37.531776,126.905619,37.531178,126.905628,37.530216,126.905628,37.529981,126.905645,37.528439
2:126.905915,37.528441,126.905898,37.529983,126.905897,37.530217,126.905889,37.531179,126.905883,37.531784,126.905866,37.531982
2:126.921497,37.532046,126.921474,37.53202,126.921448,37.531995,126.921412,37.531967,126.921326,37.531915,126.920947,37.5317
2:126.921068,37.53202699999999,126.921132,37.531987,126.921158,37.531967,126.921169,37.53194599999999,126.921172,37.53193199999999,126.921161,37.53190399999999,126.921095,37.531825,126.920928,37.531688
2:126.920944,37.53169799999999,126.920729,37.531568,126.920181,37.53125599999999,126.91975,37.530993,126.919262,37.53068799999999,126.91916,37.530621,126.919003,37.53052,126.918886,37.530451,126.918273,37.530083,126.917049,37.529339,126.916619,37.529083,126.916544,37.529036
3:126.917309,37.529024,126.917489,37.529124,126.918168,37.529525,126.918769,37.529899,126.919169,37.53014,126.91937,37.530257,126.919557,37.530382,126.919928,37.530612,126.92052,37.530983,126.921209,37.531396,126.921649,37.531701,126.921699,37.531737,126.921746,37.531772,126.921792,37.531811,126.921805,37.531824,126.92185,37.531868
2:126.899634,37.530646,126.900764,37.530095,126.901192,37.529886,126.902542,37.52924,126.902866,37.529118,126.903996,37.528806
2:126.904084,37.529008,126.902969,37.529316,126.90267,37.529429,126.901333,37.530069,126.900905,37.530277,126.899775,37.530828
2:126.92331,37.529505,126.922472,37.528985,126.921885,37.528628,126.921296,37.52827,126.920707,37.527895,126.92013,37.527532,126.919245,37.527013
3:126.919405,37.526841,126.920294,37.527363,126.920875,37.527728,126.921462,37.528102,126.922049,37.528458,126.922637,37.528816,126.923476,37.529337,126.923674,37.529461
3:126.916536,37.528874,126.916684,37.528764,126.916751,37.528721,126.91779,37.52771,126.918272,37.527229
3:126.91887,37.527579,126.918388,37.528094,126.918364,37.528119,126.917795,37.528703,126.917381,37.529126,126.917346,37.529168,126.917247,37.529306
2:126.903994,37.528806,126.905436,37.528391,126.905751,37.528336
2:126.905809,37.528545,126.905511,37.528597,126.904086,37.529007
2:126.90391,37.528935,126.903753,37.528471,126.903567,37.528026,126.903441,37.527745,126.903359,37.527564,126.903074,37.52694,126.902908,37.526578,126.902825,37.52636,126.902759,37.526191,126.902699,37.526054
2:126.903016,37.526126,126.903083,37.526297,126.903164,37.52651,126.903327,37.526867,126.903612,37.527491,126.903695,37.527673,126.903822,37.527957,126.904011,37.52841,126.90417,37.528879
2:126.924372,37.528548,126.923845,37.528222,126.923253,37.527858,126.923042,37.527721,126.92231,37.527255,126.920277,37.52598
1:126.920055,37.52557,126.920444,37.525812,126.922478,37.527088,126.923211,37.527555,126.923421,37.527691,126.92401,37.528053,126.924538,37.528379
2:126.905646,37.528453,126.905583,37.528015,126.905519,37.527308,126.905445,37.526712,126.905387,37.526154,126.90534,37.525643,126.905323,37.525511
3:126.905608,37.525626,126.905656,37.526137,126.905713,37.526693,126.905788,37.527289,126.905851,37.527996,126.905914,37.528428
2:126.897042,37.527653,126.897186,37.5276,126.897602,37.527448,126.897876,37.527361,126.898191,37.527266,126.898523,37.52717,126.899218,37.526974,126.899391,37.526924,126.899576,37.526867,126.899992,37.526739,126.900583,37.526556,126.901293,37.526358,126.901558,37.526278,126.901994,37.526149,126.902779,37.525919
1:126.902931,37.526259,126.902764,37.526304,126.902681,37.526323,126.902085,37.526502,126.901825,37.526576,126.901605,37.526642,126.901446,37.526689,126.900733,37.526906,126.899702,37.527221,126.899555,37.527265,126.899384,37.527319,126.897356,37.527925
1:126.918272,37.52723,126.918861,37.526631,126.919547,37.525916,126.919865,37.525588
2:126.920465,37.525963,126.92014,37.526282,126.919431,37.526992,126.918869,37.52758
2:126.902783,37.525918,126.903032,37.52585,126.903861,37.525631,126.903983,37.525599,126.904133,37.525565,126.904346,37.525525,126.904611,37.525485,126.904774,37.525458,126.905026,37.525434,126.90521,37.525416,126.905442,37.525395
1:126.905491,37.52574,126.905261,37.525763,126.904833,37.525808,126.904545,37.525853,126.904373,37.525881,126.904174,37.525924,126.903982,37.52597,126.90317,37.526191,126.902933,37.526258
3:126.902699,37.526054,126.902208,37.524918,126.901652,37.523251
3:126.901912,37.523197,126.902466,37.524856,126.902953,37.525984,126.903014,37.526122
2:126.905324,37.525513,126.90526,37.525066,126.905146,37.524104,126.905008,37.522728
3:126.905277,37.522712,126.905414,37.524086,126.905528,37.525044,126.905592,37.525489,126.905608,37.525623
3:126.896205,37.523977,126.897361,37.523797,126.898397,37.52364,126.899529,37.523473,126.900603,37.523291,126.901757,37.523119
2:126.901807,37.523329,126.900657,37.523501,126.899582,37.523683,126.898447,37.52385,126.897412,37.524007,126.896257,37.524186
2:126.921228,37.524249,126.920099,37.523529,126.917858,37.522076,126.917404,37.5218
2:126.917632,37.521407,126.917675,37.521421,126.918168,37.521707,126.920544,37.523254,126.921569,37.523906
3:126.915977,37.5232,126.916134,37.52304
3:126.916135,37.52303899999999,126.916658,37.52252399999999,126.916745,37.522437,126.916951,37.522218,126.917153,37.521983,126.917226,37.52189299999999,126.917361,37.521673,126.917454,37.52147
3:126.916117,37.52306,126.91688,37.521647,126.916882,37.52164,126.916884,37.521617,126.916883,37.521599,126.916874,37.521548,126.916862,37.521484,126.916849,37.521432
2:126.917607,37.521762,126.917461,37.521998,126.917379,37.5221,126.917171,37.522343,126.916958,37.522568,126.916868,37.522657,126.916346,37.523172,126.91619,37.523331
4:126.901757,37.523119,126.903048,37.522924,126.904446,37.52271,126.905119,37.522615
4:126.905166,37.522825,126.904495,37.52292,126.903098,37.523133,126.901807,37.523329
2:126.90165,37.523246,126.901566,37.522926,126.901492,37.522651,126.901377,37.522249,126.901298,37.521958,126.901176,37.521527,126.901067,37.521125,126.900987,37.520814,126.900937,37.520602
3:126.901202,37.520562,126.901252,37.520773,126.901331,37.521082,126.901439,37.521481,126.901561,37.521912,126.901641,37.522203,126.901755,37.522605,126.90183,37.522882,126.901914,37.523202
3:126.905009,37.522732,126.904932,37.522212,126.904793,37.52104,126.904764,37.520553,126.904732,37.519983
2:126.905001,37.519974,126.905033,37.520543,126.905062,37.521025,126.9052,37.52219,126.905277,37.522708
2:126.923985,37.521667,126.923769,37.521525,126.923668,37.52146,126.923326,37.521238,126.922638,37.520804,126.921736,37.520265,126.921509,37.520123,126.920596,37.519572,126.920543,37.519523
2:126.920749,37.519385,126.920783,37.519416,126.921674,37.519954,126.921901,37.520096,126.922803,37.520635,126.923495,37.521071,126.923839,37.521295,126.92394,37.52136,126.924159,37.521504,126.924373,37.521654
2:126.895592,37.521307,126.897206,37.521048,126.898906,37.520807,126.899955,37.52064,126.90074,37.520521,126.901045,37.520477
2:126.901094,37.520687,126.90079,37.520731,126.900007,37.52085,126.898956,37.521017,126.897256,37.521258,126.895645,37.521516
1:126.917404,37.5218,126.9169,37.521496,126.916601,37.521324,126.914969,37.520285,126.914901,37.520247,126.91479,37.520172
3:126.914909,37.519778,126.915234,37.519995,126.916888,37.521041,126.916951,37.52108,126.91765,37.521414
2:126.917453,37.52147,126.917615,37.52111,126.917703,37.520994,126.917794,37.520911,126.917919,37.520817,126.918126,37.520668,126.918514,37.520406,126.918966,37.520114,126.919346,37.519895,126.919538,37.519809,126.920582,37.51936
2:126.920711,37.519548,126.919668,37.519996,126.919492,37.520075,126.91913,37.520284,126.918686,37.52057,126.918304,37.520829,126.918102,37.520974,126.917989,37.521058,126.917922,37.52112,126.91786,37.521202,126.917707,37.521542,126.917612,37.521751
3:126.901043,37.520477,126.901325,37.520433,126.902402,37.520269,126.903814,37.520052,126.904838,37.519874
3:126.904895,37.520083,126.903869,37.520261,126.902453,37.520479,126.901376,37.520643,126.901096,37.520687
3:126.900937,37.520601,126.900884,37.520369,126.900872,37.520315,126.900851,37.520092,126.900839,37.519995,126.900846,37.519694,126.900863,37.519566,126.900898,37.519298,126.900987,37.518859,126.901053,37.518655,126.901156,37.518421
3:126.901411,37.518492,126.901311,37.518717,126.901251,37.518902,126.901165,37.519326,126.901131,37.519588,126.901115,37.519707,126.901109,37.519986,126.90112,37.520074,126.90114,37.520289,126.901149,37.520332,126.901202,37.520563
2:126.91478,37.520164,126.914357,37.519807,126.912909,37.51883,126.912654,37.518684,126.912361,37.518537,126.912142,37.51844,126.91191,37.518351,126.910408,37.517822,126.910031,37.517781
1:126.910241,37.517443,126.910517,37.517627,126.912024,37.518157,126.912267,37.518251,126.912498,37.518354,126.912805,37.518507,126.913075,37.518661,126.91453,37.519643,126.914538,37.519647,126.914875,37.519761
3:126.916023,37.517975,126.91612,37.517876,126.916188,37.517799,126.91627,37.517696,126.916372,37.51751,126.916478,37.517313,126.916943,37.516165,126.917196,37.515608,126.917248,37.515517,126.917655,37.514962,126.917846,37.514722,126.918405,37.514363,126.918596,37.514248,126.91877,37.514143
2:126.918932,37.514314,126.918759,37.514418,126.918571,37.514531,126.91805,37.514866,126.917886,37.515073,126.917488,37.515615,126.917446,37.515688,126.917198,37.516234,126.916731,37.517388,126.916619,37.517595,126.916509,37.517795,126.916413,37.517918,126.916336,37.518003,126.916235,37.518106
4:126.909996,37.517774,126.909317,37.517545,126.9092,37.517504,126.908352,37.517204,126.906962,37.516713,126.906542,37.516573
2:126.906795,37.516253,126.908058,37.516683,126.909401,37.517146,126.910006,37.517357,126.910208,37.517426
4:126.904732,37.519972,126.904742,37.519843,126.904892,37.519549,126.90515,37.519039,126.905364,37.518618,126.905565,37.51824,126.905643,37.518088
4:126.905893,37.518169,126.905814,37.518322,126.905613,37.518699,126.9054,37.519119,126.905142,37.519629,126.905008,37.519891,126.905001,37.519985
1:126.920586,37.519358,126.924262,37.51789
2:126.924383,37.518081,126.920707,37.519549
4:126.901269,37.51835,126.901621,37.51832,126.902011,37.518292,126.902538,37.518244,126.903436,37.51815,126.903816,37.518111,126.904792,37.518034,126.905603,37.517959
4:126.905635,37.518171,126.904821,37.518247,126.903846,37.518323,126.903471,37.518362,126.902571,37.518456,126.902038,37.518505,126.901647,37.518533,126.901298,37.518563
4:126.905642,37.518091,126.905737,37.51789,126.906198,37.516988,126.906316,37.516731,126.906469,37.516434
3:126.906719,37.516515,126.906568,37.516808,126.906449,37.517065,126.905988,37.517967,126.905894,37.518166
2:126.91878,37.514138,126.919019,37.514021,126.919062,37.513996,126.919791,37.513811,126.920757,37.513597,126.920925,37.513554,126.922327,37.513228,126.923592,37.512908,126.92454,37.512694,126.92492,37.512621,126.925297,37.51255
1:126.925359,37.512758,126.924983,37.512828,126.924609,37.512901,126.92367,37.513113,126.922406,37.513432,126.921004,37.513758,126.920835,37.513802,126.919868,37.514016,126.919184,37.51419,126.919168,37.514199,126.918922,37.51432
4:126.909808,37.511655,126.910079,37.510844,126.910153,37.510626
1:126.910511,37.510712,126.910436,37.510928,126.910144,37.511747,126.910124,37.51178,126.910031,37.511879,126.909886,37.512038,126.9097,37.512205,126.909672,37.512236
2:126.910154,37.510623,126.91021,37.510475,126.910254,37.510359,126.9104,37.510097,126.910409,37.510073,126.910454,37.509941,126.910574,37.509554,126.910705,37.50915,126.910736,37.50901,126.910763,37.508812,126.910786,37.508525,126.910814,37.50785,126.910877,37.506913,126.910915,37.506149,126.910909,37.506051,126.910861,37.505854
3:126.911125,37.505813,126.911177,37.506025,126.911185,37.506148,126.911146,37.506923,126.911083,37.50786,126.911055,37.508535,126.911031,37.508831,126.911002,37.50904,126.910969,37.509194,126.910836,37.509606,126.910715,37.509994,126.910669,37.51013,126.910658,37.510159,126.910592,37.510446,126.910512,37.510709
3:126.911776,37.525839,126.913409,37.526629,126.913432,37.526639,126.913529,37.526687,126.913703,37.526769
1:126.913467,37.527085,126.913204,37.526951,126.911548,37.526151,126.911416,37.526088
2:126.916639,37.517247,126.916742,37.517269,126.916815,37.517285,126.916874,37.517294,126.916914,37.517297,126.916959,37.517295,126.917121,37.517281,126.917152,37.517274,126.917355,37.517204,126.918473,37.516931,126.91865,37.516891,126.918797,37.516872,126.918931,37.516865,126.919084,37.516864,126.919349,37.516849,126.91961,37.516813,126.91976,37.5168
3:126.920401,37.516502,126.920347,37.516512,126.920222,37.516524,126.918559,37.517133,126.917449,37.517404,126.91724,37.517477,126.917171,37.517491,126.916978,37.517509,126.91691,37.517511,126.916837,37.517507,126.916752,37.517493,126.916671,37.517475,126.91657,37.517453
3:126.90654,37.516573,126.906401,37.516525,126.906219,37.516466,126.905343,37.516178,126.90479,37.516,126.903005,37.515369,126.902781,37.515287
3:126.903397,37.515074,126.905546,37.51581,126.906642,37.5162,126.906795,37.516253
3:126.900653,37.51685,126.899189,37.516946,126.89812,37.517055,126.895931,37.517253,126.894659,37.517354
2:126.894633,37.517141,126.895902,37.517041,126.898087,37.516843,126.89916,37.516733,126.900631,37.516637
3:126.910218,37.510746,126.908941,37.510177,126.908856,37.51014,126.907978,37.50976,126.907786,37.509664,126.907147,37.509382,126.906804,37.509241,126.906275,37.509006,126.905782,37.50877,126.905459,37.508613
3:126.905599,37.508431,126.905922,37.508587,126.90641,37.508821,126.906932,37.509052,126.907275,37.509194,126.907923,37.50948,126.908115,37.509576,126.908986,37.509953,126.909073,37.509991,126.910342,37.510557,126.910431,37.510585
2:126.894995,37.518904,126.895444,37.518818,126.895646,37.518793,126.896684,37.51869,126.899435,37.518459,126.900765,37.518358
2:126.900791,37.518571,126.899462,37.518672,126.896715,37.518902,126.895684,37.519004,126.895497,37.519028,126.895059,37.519112
2:126.900644,37.518471,126.900583,37.517643,126.900508,37.51675
4:126.898846,37.510671,126.899096,37.510927,126.899311,37.51115,126.899709,37.51157,126.899745,37.511595,126.899914,37.511673,126.900723,37.511968,126.902598,37.512738,126.902821,37.512361,126.90396,37.510663,126.904398,37.509985,126.904783,37.509427,126.904928,37.509186,126.905107,37.508892,126.90514,37.508843,126.905412,37.508469
3:126.905645,37.508576,126.905375,37.508948,126.905347,37.508989,126.905171,37.509278,126.905023,37.509525,126.904636,37.510085,126.904199,37.510761,126.903062,37.512456,126.902724,37.513031,126.900605,37.51216,126.89979,37.511863,126.899585,37.511769,126.899509,37.511715,126.899096,37.511279,126.898882,37.511057,126.898637,37.510807,126.898491,37.510689
3:126.900508,37.51675,126.900403,37.51543,126.900371,37.514868,126.900282,37.514382
3:126.900549,37.514351,126.900639,37.514848,126.900673,37.515419
3:126.902784,37.515288,126.9024,37.515158,126.90145,37.514835,126.900362,37.514465
4:126.900609,37.5141,126.901656,37.514452,126.902568,37.514768,126.903151,37.514979,126.903403,37.515076
2:126.901287,37.518563,126.900844,37.518572,126.900776,37.518572
4:126.90078,37.518358,126.900842,37.518358,126.90128,37.51835
2:126.897354,37.512966,126.899326,37.513658,126.90061,37.5141
3:126.90036,37.514464,126.898473,37.513791,126.8976,37.513476,126.897211,37.513335,126.897139,37.513308
1:126.916542,37.529034,126.91618,37.528797,126.914658,37.527816
3:126.915646,37.52799,126.916613,37.528596,126.916717,37.528669,126.916855,37.52876,126.917245,37.528985,126.917312,37.529026
3:126.914659,37.527816,126.913737,37.52723,126.913464,37.527083
1:126.913712,37.526774,126.914002,37.526937,126.915647,37.52799
3:126.915455,37.528009,126.915754,37.527696,126.916139,37.527287,126.917554,37.525809,126.918574,37.524795
2:126.918784,37.524928,126.917767,37.52594,126.916355,37.527416,126.915969,37.527825,126.91567,37.528138
2:126.920277,37.52598,126.919889,37.525738,126.918597,37.524946
3:126.918761,37.524777,126.920054,37.525569
3:126.918596,37.524946,126.916001,37.52335
2:126.916166,37.523181,126.918762,37.524777
2:126.918729,37.514275,126.918579,37.514024,126.918047,37.513312,126.917489,37.512782,126.917027,37.512377,126.91683,37.512266
3:126.916987,37.512091,126.917207,37.512216,126.917693,37.512641,126.918268,37.513188,126.918817,37.513923,126.918973,37.514183
3:126.916848,37.512274,126.91654,37.512152,126.916236,37.51203,126.915799,37.511914,126.91576,37.511906,126.914621,37.511676,126.913733,37.511487,126.912852,37.511301,126.91237,37.511221,126.911861,37.511111,126.910339,37.510786,126.910234,37.510753
3:126.910416,37.510581,126.911932,37.510905,126.912433,37.511013,126.912915,37.511093,126.913803,37.511281,126.914689,37.511469,126.915827,37.511699,126.915875,37.511709,126.91634,37.511832,126.916661,37.511961,126.916969,37.512083
4:126.918176,37.5109,126.918553,37.510546,126.91877,37.510336,126.919061,37.510063,126.919329,37.509818,126.919625,37.509542,126.919804,37.509397,126.919995,37.50927,126.920202,37.509157,126.920809,37.508854,126.920949,37.508799,126.921198,37.508721,126.921401,37.508688,126.921794,37.508674,126.922161,37.508766,126.92268,37.508969,126.923031,37.509091,126.923314,37.509191,126.92335,37.509197,126.923373,37.509198,126.923406,37.509192,126.923495,37.509169,126.923823,37.509076,126.924017,37.509029
3:126.923911,37.509278,126.923583,37.509371,126.923479,37.509398,126.923395,37.509414,126.923315,37.509409,126.923232,37.509396,126.922922,37.509287,126.922567,37.509163,126.92206,37.508965,126.921758,37.50889,126.921434,37.508901,126.921275,37.508927,126.921059,37.508994,126.920941,37.509041,126.920351,37.509335,126.920159,37.50944,126.919987,37.509555,126.919824,37.509686,126.919534,37.509958,126.919266,37.510202,126.918977,37.510473,126.91876,37.510683,126.91838,37.511039,126.91768,37.511667,126.91727,37.512016,126.917009,37.512249
1:126.912546,37.534116,126.912529,37.534111,126.912512,37.534104,126.912178,37.533957,126.912024,37.533856,126.9119,37.533756,126.91172,37.533603,126.911632,37.533438,126.911611,37.533376,126.911432,37.533185,126.911233,37.532883,126.911184,37.532664,126.911191,37.532456,126.911202,37.53231,126.911237,37.532148,126.911403,37.531667,126.912313,37.529419,126.912531,37.528805
1:126.912791,37.528863,126.912571,37.529481,126.911662,37.531728,126.9115,37.532195,126.91147,37.532335,126.911461,37.532465,126.911454,37.532648,126.911491,37.532814,126.911661,37.533071,126.911843,37.533265
3:126.912534,37.528797,126.913348,37.527038,126.913424,37.526941,126.913517,37.526809
1:126.913655,37.527051,126.913592,37.527132,126.912787,37.528871
1:126.913515,37.526811,126.913683,37.526556,126.914059,37.526018,126.914635,37.525231,126.91481,37.524902,126.914951,37.524694
3:126.915188,37.524796,126.915053,37.524994,126.914876,37.525326,126.914293,37.526124,126.913921,37.526657,126.913753,37.526912,126.913658,37.527047
1:126.914951,37.524694,126.915965,37.523215
1:126.916202,37.523317,126.915188,37.524796
1:126.911278,37.531029,126.911456,37.530535,126.911491,37.530309,126.91155,37.5301,126.911654,37.529826,126.912465,37.527826,126.912591,37.527559,126.912755,37.52727,126.913035,37.526787,126.913238,37.526512,126.913925,37.525687
1:126.913912,37.525705,126.91423,37.525091,126.915511,37.523161,126.916734,37.521388
1:126.916743,37.521377,126.91725,37.520817,126.917575,37.520532,126.917795,37.52039,126.918002,37.520289,126.918218,37.520197,126.919164,37.51991,126.919559,37.519802
1:126.911465,37.530514,126.91157,37.530316,126.911719,37.529972,126.911751,37.529892,126.912384,37.528935,126.912501,37.528802,126.912573,37.528753
1:126.915949,37.523268,126.915946,37.523112,126.91595,37.522971,126.915961,37.522863,126.91599,37.522733,126.91603,37.52262,126.916067,37.52253,126.916124,37.522411,126.916636,37.521585,126.916727,37.5214
2:126.91393,37.525681,126.914228,37.525373,126.914781,37.524801,126.914981,37.524664
2:126.911625,37.518663,126.910691,37.518865,126.909536,37.519107,126.908445,37.519338,126.907989,37.519433,126.907088,37.519619,126.9061,37.519823,126.904902,37.520081
3:126.904831,37.519875,126.906031,37.519616,126.90702,37.519412,126.907921,37.519226,126.908376,37.519131,126.909467,37.518901,126.910621,37.518659,126.911552,37.518457,126.911987,37.518354,126.912004,37.518347,126.912069,37.518304,126.91215,37.518249,126.912215,37.518199
1:126.916234,37.518108,126.915955,37.518383,126.915645,37.518625,126.915414,37.518829,126.915093,37.519214,126.914866,37.519494,126.914446,37.52,126.914373,37.520051,126.914287,37.520089,126.914158,37.52013,126.914013,37.520149,126.913873,37.520149,126.913686,37.520119,126.913551,37.520082,126.913225,37.519956,126.912799,37.519715
2:126.905801,37.531884,126.906038,37.531997,126.906128,37.532067,126.906287,37.532192,126.90628,37.532187,126.906303,37.532192,126.906318,37.532193,126.906348,37.532187,126.906362,37.532182,126.90639,37.532164,126.906381,37.532173,126.906911,37.530911,126.90705,37.530592,126.907799,37.528637,126.908212,37.527512,126.908659,37.526384,126.908848,37.525954,126.909216,37.52529,126.909263,37.525211,126.909341,37.525095
3:126.909505,37.525304,126.909461,37.525379,126.909099,37.526032,126.908915,37.526451,126.90847,37.527574,126.908057,37.528698,126.907307,37.530658,126.907166,37.53098,126.906621,37.532278,126.906581,37.532316,126.906504,37.532366,126.906435,37.53239,126.906337,37.532409,126.906257,37.532403,126.90616,37.532384,126.906109,37.532352,126.905938,37.532219,126.905872,37.532167,126.905662,37.532067
2:126.909497,37.525042,126.909904,37.525136,126.910095,37.525181,126.910262,37.525232,126.91056,37.525349,126.910712,37.525411,126.910919,37.525482,126.911153,37.525569,126.911404,37.525669,126.911773,37.525838
3:126.911416,37.526088,126.910966,37.525874,126.910747,37.525787,126.91055,37.525706,126.910366,37.525634,126.910082,37.525527,126.909949,37.525487,126.909822,37.52546,126.909655,37.525427,126.909349,37.525362
2:126.90544,37.525395,126.905658,37.525372,126.906453,37.52527,126.906999,37.525207,126.907218,37.525182,126.907275,37.525176,126.908125,37.525078,126.908706,37.525012,126.908946,37.525005,126.909063,37.525,126.909196,37.525,126.909257,37.525003,126.909339,37.525011,126.9094,37.525021,126.909495,37.525042
3:126.909372,37.525365,126.909235,37.525356,126.909135,37.52535,126.909083,37.525351,126.908722,37.525358,126.908663,37.525362,126.907714,37.525479,126.907202,37.525534,126.907053,37.52555,126.906713,37.52559,126.906401,37.52563,126.90571,37.525717,126.905491,37.525739
3:126.909342,37.525092,126.910009,37.524153,126.910311,37.523724,126.910625,37.523275,126.911417,37.522128,126.912046,37.521199,126.912309,37.520765,126.912357,37.520669,126.912377,37.520602,126.912425,37.520412,126.912442,37.520237,126.912463,37.520153,126.912475,37.520116,126.912559,37.519931,126.912662,37.519751,126.912753,37.519585
2:126.912734,37.520173,126.912726,37.5202,126.912709,37.520266,126.912692,37.520441,126.912641,37.520648,126.912615,37.520733,126.912557,37.52085,126.912286,37.521296,126.911654,37.52223,126.910861,37.523378,126.910546,37.523828,126.910244,37.524258,126.909578,37.525196,126.909503,37.525309
3:126.912789,37.519709,126.912748,37.51968,126.912662,37.519604,126.912626,37.519569,126.912574,37.519502,126.912502,37.519399,126.912449,37.519289,126.912393,37.519147,126.912347,37.519025,126.912308,37.51882,126.912219,37.518524,126.912202,37.518465,126.912185,37.518385,126.912174,37.518286
1:126.918299,37.527209,126.918516,37.527085,126.9191,37.526631,126.919301,37.526471,126.92011,37.525654,126.922757,37.522936,126.922779,37.522906,126.922877,37.522562,126.922959,37.522459
1:126.923419,37.522865,126.92336,37.522902,126.922995,37.523052,126.922968,37.52307,126.920323,37.525785,126.919517,37.526598,126.91941,37.526777,126.919098,37.527217,126.918883,37.527562
1:126.9029,37.53693,126.903118,37.536796,126.903487,37.536608,126.904057,37.536336,126.904973,37.535897,126.905462,37.535652,126.905859,37.535442,126.906192,37.535247,126.906391,37.535128,126.906666,37.534942,126.90713,37.534574,126.907511,37.534256,126.907793,37.533987,126.908031,37.533731,126.908249,37.533469,126.908424,37.533247,126.908603,37.532998,126.908782,37.532727,126.909016,37.532321,126.909176,37.531984,126.909313,37.531655,126.909439,37.531301,126.909594,37.530796,126.910028,37.529309,126.910072,37.529157,126.910307,37.528345,126.910579,37.527422,126.910748,37.526848,126.91083,37.526604,126.910932,37.526349
2:126.907888,37.532023,126.908086,37.531835,126.908191,37.531745,126.908299,37.531665,126.90859,37.531456,126.909006,37.531149,126.909124,37.531048,126.909219,37.530948,126.909304,37.530843,126.909379,37.530724,126.909488,37.530545,126.909725,37.529781,126.909876,37.529278,126.909922,37.529124,126.910343,37.527676,126.910523,37.527077,126.910589,37.526875,126.910789,37.526507,126.910868,37.526401,126.910955,37.526314
1:126.909401,37.528697,126.909769,37.527717
1:126.910028,37.527778,126.90966,37.528755,126.909624,37.528884
4:126.913389,37.522297,126.912402,37.523722
1:126.912166,37.523619,126.913152,37.522194
1:126.917615,37.517892,126.917181,37.518062,126.916917,37.51819,126.916447,37.518459,126.916198,37.518612,126.915753,37.518946,126.915376,37.51934,126.915246,37.519507,126.91339,37.522296
1:126.913151,37.522196,126.915012,37.519401,126.915153,37.519219,126.915551,37.518803,126.916022,37.51845,126.916286,37.518288,126.916768,37.518012,126.917051,37.517875,126.917495,37.5177
1:126.917494,37.517701,126.919716,37.51681,126.920311,37.516593,126.921726,37.516113,126.922925,37.515699,126.924367,37.515152
1:126.924483,37.515345,126.923037,37.515893,126.921833,37.51631,126.92042,37.516788,126.919833,37.517002,126.917616,37.517891
1:126.899794,37.509172,126.899654,37.509522,126.898943,37.510654,126.898878,37.510756,126.898858,37.510786
1:126.9017,37.516928,126.901813,37.516612,126.901981,37.516222,126.902305,37.515692,126.902471,37.51547,126.902704,37.515262,126.902871,37.515159,126.903112,37.515041,126.903492,37.514886,126.903597,37.514857,126.903917,37.514823,126.904293,37.514805,126.906044,37.514879,126.90688,37.514871,126.9073,37.514811,126.907463,37.514771,126.907589,37.514727,126.907629,37.514694,126.907731,37.514586,126.907953,37.514293,126.908602,37.513344
1:126.908839,37.513446,126.908187,37.514399,126.907955,37.514706,126.907834,37.514834,126.907745,37.514905,126.907557,37.514972,126.907364,37.515019,126.906906,37.515085,126.906038,37.515093,126.904293,37.51502,126.903943,37.515036,126.90366,37.515066,126.903598,37.515083,126.903244,37.515227,126.903025,37.515335,126.902889,37.515419,126.90269,37.515596,126.902543,37.515794,126.90223,37.516303,126.902071,37.516675,126.90196,37.516987,126.901761,37.517529
2:126.908602,37.513344,126.908851,37.512978,126.909448,37.512117,126.909477,37.512084,126.909596,37.511878,126.909829,37.51162
3:126.90968,37.512226,126.909088,37.513081,126.908839,37.513446
2:126.907532,37.5147,126.90758,37.514633,126.907742,37.514403,126.90777,37.514364,126.908389,37.513484,126.908427,37.513431,126.90844,37.513413,126.908455,37.513394,126.908494,37.513359,126.908567,37.513334,126.908614,37.513325,126.908613,37.513325,126.908616,37.513324,126.908637,37.513311
2:126.908852,37.51342,126.908846,37.513439,126.908847,37.513427,126.908847,37.513428,126.908862,37.513466,126.908866,37.513526,126.908861,37.513565,126.908847,37.513604,126.908829,37.513638,126.908754,37.513749,126.908018,37.514836,126.907966,37.514915
1:126.901154,37.518427,126.901419,37.517706,126.901502,37.51747,126.901701,37.516928
4:126.901762,37.517528,126.901678,37.517764,126.901413,37.518486
2:126.901697,37.516941,126.901716,37.516839,126.901718,37.516617,126.901733,37.516551,126.901874,37.516192,126.902334,37.515476,126.902586,37.515245,126.90274,37.515116
4:126.903183,37.515316,126.903169,37.51534,126.903124,37.51538,126.903081,37.515404,126.902969,37.51547,126.902789,37.51563,126.902741,37.515675,126.902669,37.515786,126.902421,37.516187,126.902287,37.516433,126.902183,37.516693,126.901904,37.517375,126.901876,37.517419,126.901769,37.517525,126.901748,37.517553
1:126.912174,37.518282,126.912167,37.518184,126.912158,37.5181,126.912156,37.518054,126.912156,37.518027,126.912153,37.51798,126.912163,37.517818,126.912365,37.515727,126.912365,37.515654,126.912356,37.515593,126.91234,37.515541,126.912272,37.515418
2:126.912518,37.515331,126.912597,37.515472,126.912622,37.515556,126.912635,37.515641,126.912635,37.515735,126.912432,37.517832,126.912423,37.517981,126.912425,37.518022,126.912425,37.518049,126.912427,37.518087,126.912436,37.51817,126.912443,37.518271
3:126.912276,37.515424,126.912202,37.515314,126.911539,37.514432,126.911087,37.513835,126.910357,37.512883,126.910053,37.512572,126.91,37.512507,126.909958,37.512447,126.909868,37.512281,126.909808,37.512083,126.909796,37.511986,126.909788,37.511905,126.909787,37.511813,126.909791,37.511772,126.909804,37.511671
2:126.91015,37.511725,126.910148,37.511737,126.910145,37.51178,126.910142,37.511843,126.910142,37.511896,126.910149,37.511973,126.910159,37.512038,126.91018,37.512119,126.9102,37.512183,126.91028,37.512315,126.910354,37.512419,126.910586,37.51277,126.911317,37.513724,126.911771,37.514323,126.912437,37.515209,126.912514,37.515324
2:126.912168,37.516661,126.912278,37.51571,126.912284,37.515671,126.912287,37.515494,126.912287,37.515473,126.912286,37.515461,126.912265,37.515403
2:126.912508,37.515317,126.912564,37.515385,126.912578,37.515402,126.912682,37.515509,126.91271,37.515553,126.91274,37.51567,126.91274,37.515738,126.912677,37.516299,126.912633,37.516703
3:126.912159,37.518012,126.912166,37.51803,126.912139,37.518014,126.912098,37.517952,126.912063,37.517847,126.91204,37.517802,126.91204,37.517732,126.912069,37.51739
3:126.912551,37.517425,126.912488,37.518025,126.91248,37.518086,126.912464,37.518119,126.912452,37.518145,126.912432,37.518204
1:126.915325,37.519772,126.915449,37.519596,126.915703,37.519278,126.915988,37.519004,126.916356,37.518722,126.916736,37.518485,126.917143,37.518284,126.917559,37.51811,126.918548,37.517735,126.919546,37.517357,126.920319,37.517065,126.921133,37.516754,126.921944,37.516451,126.922736,37.516152,126.923513,37.515859,126.924095,37.515644,126.924492,37.515506,126.924896,37.515376,126.925314,37.515257,126.925732,37.515153,126.926159,37.51506,126.926595,37.514979,126.927255,37.514889,126.927704,37.514842,126.928143,37.514808,126.928812,37.514782,126.929488,37.514791,126.930163,37.514822,126.930637,37.514847,126.931086,37.514888,126.931528,37.51494,126.931916,37.514991
1:126.910934,37.526343,126.911082,37.52603,126.911389,37.525518,126.911885,37.524782,126.912346,37.524108,126.912707,37.523579,126.912805,37.523435,126.913171,37.522911,126.913652,37.522211,126.914137,37.521505,126.914428,37.521082,126.914718,37.520662,126.915235,37.5199,126.915325,37.519772
1:126.923926,37.516353,126.923291,37.516584,126.922694,37.51681,126.921753,37.517166,126.920915,37.517481,126.920034,37.517817,126.919355,37.518073,126.918849,37.518268,126.918355,37.518483,126.918026,37.518655,126.917671,37.51886,126.917292,37.519116,126.917026,37.51932,126.916681,37.519628,126.916419,37.519884,126.916163,37.520159,126.915735,37.520655,126.915326,37.52117,126.915043,37.521529,126.914589,37.522125,126.91425,37.52259,126.913628,37.523479,126.913038,37.524337,126.912841,37.524627,126.912142,37.52566,126.911839,37.526124,126.911658,37.526428,126.911474,37.526757,126.911299,37.5271,126.911161,37.527408,126.911032,37.527739,126.910903,37.528097,126.910625,37.529022,126.910555,37.529261,126.910514,37.529411,126.910402,37.529799


