1:126.897179,37.513017,126.897198,37.512985,126.898107,37.511307,126.899058,37.509788,126.899548,37.509087,126.899689,37.508894,126.899839,37.508682
1:126.899783,37.509192,126.899297,37.509887,126.898351,37.511396,126.897443,37.513074,126.897419,37.513113,126.897314,37.513264
1:126.890987,37.511475,126.891156,37.51098,126.892208,37.509183,126.892325,37.509001,126.892418,37.508879,126.892515,37.50877,126.892694,37.508589,126.892852,37.50846,126.892991,37.508367,126.893119,37.508287,126.893447,37.508127,126.893695,37.508034,126.894437,37.507836,126.894614,37.507779,126.894781,37.50771,126.89502,37.507587,126.895135,37.507518,126.895496,37.507242,126.896116,37.506747,126.896194,37.506683,126.897856,37.505158
1:126.89806,37.505298,126.896399,37.506822,126.896262,37.506971,126.895581,37.507599,126.895341,37.507818,126.895156,37.507955,126.894856,37.508122,126.893776,37.508682,126.893648,37.508771,126.893506,37.50889,126.893385,37.509003,126.89296,37.509494,126.892438,37.510145,126.891963,37.510643
1:126.891741,37.510522,126.892535,37.509514,126.892868,37.50903,126.893249,37.508534,126.893386,37.508343,126.89355,37.508054,126.893665,37.507766,126.893719,37.507548,126.893743,37.507319,126.893756,37.507131,126.893746,37.506961,126.893113,37.503305,126.893124,37.503167,126.893154,37.503058,126.893164,37.503014,126.893189,37.502912,126.893251,37.502668,126.89329,37.502553
1:126.89355,37.502608,126.893513,37.502717,126.893453,37.502953,126.893429,37.503052,126.893418,37.503099,126.893392,37.503197,126.893383,37.503297,126.894014,37.506941,126.894026,37.507131,126.894012,37.507334,126.893987,37.507577,126.893927,37.507819,126.893802,37.508131,126.893627,37.50844,126.893481,37.508643,126.893101,37.509137,126.892768,37.509622,126.89197,37.510636
3:126.898477,37.510676,126.898055,37.510202,126.897685,37.509801,126.897203,37.509366,126.896914,37.509159,126.896466,37.508906,126.89619,37.508789,126.895154,37.508293,126.894888,37.508159,126.894627,37.508008
3:126.894786,37.507835,126.89504,37.507983,126.895295,37.508111,126.896323,37.508604,126.896608,37.508724,126.897083,37.508992,126.897396,37.509216,126.897895,37.509667,126.898273,37.510077,126.898691,37.510545,126.898835,37.510661
3:126.89463,37.508009,126.893959,37.507641,126.893023,37.507207
3:126.893159,37.507023,126.894104,37.50746,126.894783,37.507834
3:126.893019,37.507206,126.89286,37.507126,126.892388,37.506868,126.892231,37.506796,126.891546,37.506445,126.890579,37.50593,126.890485,37.505884,126.890221,37.505747,126.889966,37.505608,126.888799,37.505002,126.888228,37.504715,126.88812,37.504653,126.8877,37.504423
3:126.887853,37.504247,126.888275,37.504479,126.888379,37.504538,126.888945,37.504822,126.890116,37.50543,126.890371,37.505569,126.890629,37.505703,126.890724,37.505749,126.891694,37.506267,126.892372,37.506614,126.892532,37.506688,126.893008,37.506947,126.893163,37.507025
3:126.892957,37.507108,126.893047,37.505976,126.893055,37.505694,126.893047,37.505428,126.893008,37.50506,126.892645,37.503177,126.892558,37.502755,126.892553,37.502711,126.892549,37.502668,126.892518,37.502346,126.892515,37.502169,126.892511,37.502098
2:126.893435,37.502687,126.893314,37.502697,126.893233,37.5027,126.893207,37.502707,126.893175,37.502719,126.893123,37.502752,126.893045,37.502821,126.893036,37.502829,126.893006,37.502874,126.892986,37.502911,126.892949,37.502992,126.892937,37.50303,126.892929,37.503071,126.892914,37.503159,126.893276,37.505035,126.893316,37.505416,126.893325,37.505694,126.893316,37.505985,126.893226,37.507122
3:126.901286,37.506776,126.900731,37.506554,126.899984,37.50624,126.89905,37.505833,126.898124,37.505432,126.897889,37.505319
3:126.898028,37.505136,126.898258,37.505246,126.89918,37.505645,126.900112,37.506052,126.900854,37.506364,126.901409,37.506586,126.901509,37.506628
2:126.897882,37.505316,126.897632,37.505178,126.897333,37.50504,126.897127,37.504951,126.896744,37.50475,126.896614,37.504662,126.896295,37.50437,126.896244,37.504307,126.896104,37.504127,126.896059,37.504081,126.895992,37.504035,126.8959,37.503983
3:126.896058,37.503809,126.896158,37.503867,126.896254,37.503932,126.896326,37.504005,126.896472,37.504193,126.896511,37.504242,126.896805,37.50451,126.896906,37.504579,126.897266,37.504768,126.897465,37.504854,126.897776,37.504998,126.898035,37.50514
2:126.897857,37.505157,126.900359,37.502881
3:126.900562,37.503021,126.89806,37.505298
1:126.88767,37.504269,126.887699,37.504239,126.887722,37.50421,126.887727,37.5042,126.887746,37.504161,126.887774,37.504076,126.887804,37.503968,126.887837,37.5038,126.88788,37.503662,126.887941,37.503504,126.888048,37.503284,126.888092,37.503225,126.888232,37.503043,126.888853,37.50232,126.889806,37.50116,126.890019,37.500889,126.890067,37.500829
3:126.890809,37.501212,126.890535,37.501545,126.889589,37.5027,126.889395,37.502928,126.888985,37.503427,126.888507,37.503954,126.8884,37.504053,126.888317,37.504119,126.888233,37.504179,126.88809,37.504256,126.888004,37.504307,126.887972,37.504327,126.887947,37.504344,126.88791,37.504372,126.887883,37.5044
1:126.902952,37.504265,126.902458,37.504056,126.901525,37.503666,126.901112,37.503485,126.900796,37.503346,126.900646,37.503262,126.900571,37.503215,126.900358,37.503021
2:126.900562,37.502881,126.900758,37.50306,126.900807,37.503091,126.900939,37.503164,126.901242,37.503298,126.901653,37.503477,126.902584,37.503867,126.903078,37.504076,126.903165,37.504112
3:126.895908,37.503987,126.895605,37.503836,126.895284,37.503664,126.893722,37.502843,126.893353,37.502673
2:126.892644,37.503146,126.892662,37.50304,126.892673,37.502987,126.892691,37.502929,126.892735,37.502833,126.892762,37.502782,126.892816,37.502702,126.892848,37.502675,126.892938,37.502595,126.893029,37.502538,126.893106,37.502507,126.893188,37.502488,126.893292,37.502484,126.89345,37.50247,126.893864,37.502662,126.895434,37.503487,126.895752,37.503657,126.896051,37.503806
2:126.895851,37.503864,126.895987,37.503526,126.896205,37.503111,126.896366,37.502721,126.896573,37.502246,126.896941,37.501396,126.897292,37.500603,126.897341,37.500496,126.897364,37.500441,126.89759,37.499866
3:126.897847,37.499929,126.897621,37.500506,126.897596,37.500566,126.897545,37.500675,126.897196,37.501466,126.896828,37.502316,126.896621,37.50279,126.896458,37.503185,126.89624,37.5036,126.896108,37.503929
1:126.879794,37.502892,126.879967,37.502734,126.88008,37.502626,126.880264,37.502443,126.880545,37.502179,126.882101,37.500853,126.882286,37.500694,126.882455,37.500551
3:126.882652,37.500696,126.882484,37.50084,126.882299,37.500998,126.880747,37.502321,126.880472,37.502579,126.880289,37.502761,126.880172,37.502872,126.879998,37.503031,126.879835,37.503183
3:126.90035,37.503013,126.90017,37.502812,126.899763,37.502368,126.89886,37.501326,126.898081,37.500439,126.898059,37.500411,126.897613,37.499964
1:126.897824,37.499831,126.898281,37.500289,126.898307,37.500322,126.899082,37.501205,126.899983,37.502245,126.900388,37.502687,126.90057,37.502889
2:126.900363,37.502877,126.901133,37.50224,126.901323,37.502079,126.901432,37.501989,126.902814,37.500826,126.902979,37.500673,126.903631,37.500148,126.903904,37.499974,126.90418,37.499844,126.904509,37.499753,126.905402,37.499578
2:126.905467,37.499785,126.904585,37.499958,126.904294,37.500039,126.904058,37.50015,126.903812,37.500307,126.903177,37.500818,126.903015,37.500969,126.901627,37.502136,126.901519,37.502226,126.901329,37.502387,126.900557,37.503025
2:126.893346,37.50267,126.893292,37.502641,126.892682,37.502343,126.892631,37.50231,126.892592,37.502269,126.892562,37.502228,126.89254,37.502188,126.892512,37.502111,126.892477,37.501516,126.892481,37.501399,126.892615,37.500555,126.892737,37.499974,126.892841,37.49927,126.892887,37.498894,126.8929,37.498744,126.892889,37.498692,126.892877,37.498671,126.892773,37.49857
2:126.894026,37.497896,126.893584,37.501128,126.893562,37.501357,126.893568,37.502048,126.893572,37.502095,126.893572,37.502138,126.893567,37.502449,126.893561,37.502569,126.893552,37.502602
3:126.890623,37.501243,126.890108,37.500976,126.889238,37.50054,126.888433,37.50012,126.888018,37.499907,126.887646,37.499711,126.887578,37.499676,126.887517,37.499644,126.887253,37.499492,126.886146,37.498843,126.885853,37.49867
2:126.886014,37.498499,126.886307,37.498672,126.887412,37.49932,126.88767,37.499468,126.887725,37.499497,126.887794,37.499532,126.888166,37.499728,126.88858,37.499941,126.889384,37.500361,126.890254,37.500796,126.89077,37.501064
3:126.890069,37.500827,126.890365,37.500472,126.890923,37.499802,126.891714,37.498828,126.89251,37.49788,126.892663,37.497702,126.892934,37.497396
2:126.893972,37.497971,126.89393,37.497995,126.89388,37.498007,126.893805,37.498016,126.893614,37.498044,126.893451,37.498085,126.893401,37.498106,126.893317,37.498168,126.893232,37.498243,126.892991,37.498559,126.89288,37.498696,126.892449,37.499186,126.891644,37.500177,126.891065,37.500879,126.890942,37.501047,126.890845,37.501171,126.890808,37.501214
1:126.882453,37.500552,126.882746,37.500291,126.88281,37.500236,126.883047,37.499994,126.883329,37.499703,126.883575,37.499494
3:126.883772,37.499639,126.883535,37.499842,126.88326,37.500124,126.883016,37.500375,126.882946,37.500435,126.882654,37.500694
3:126.897636,37.499982,126.897269,37.499757,126.896104,37.499155,126.895925,37.499057,126.895523,37.498848,126.894964,37.498572,126.894788,37.498481,126.894191,37.498173,126.894094,37.498125,126.893816,37.497973
2:126.893969,37.497797,126.894242,37.497946,126.894336,37.497992,126.894935,37.498302,126.895109,37.498391,126.895668,37.498667,126.896076,37.498879,126.896254,37.498978,126.897426,37.499582,126.897801,37.499813
3:126.897592,37.499862,126.897777,37.49945,126.897861,37.499224,126.897966,37.498979,126.898304,37.498235,126.898392,37.498036,126.898841,37.496964,126.899279,37.495946,126.899502,37.495441,126.899626,37.495152,126.8998,37.494793
2:126.900052,37.49487,126.899879,37.495225,126.899757,37.495511,126.899533,37.496016,126.899096,37.497032,126.898647,37.498105,126.898558,37.498307,126.898221,37.49905,126.898118,37.499289,126.898033,37.499516,126.897845,37.499934
2:126.882734,37.495602,126.882824,37.495727,126.883123,37.49623,126.883315,37.496544,126.883594,37.496972,126.883715,37.497172,126.883896,37.497454,126.884018,37.497653,126.884171,37.49801,126.884184,37.49806,126.884207,37.498194,126.884208,37.498323,126.884204,37.498606,126.884165,37.498821,126.884108,37.499028,126.884029,37.499166
3:126.89382,37.497975,126.892973,37.497548,126.892648,37.497387,126.892086,37.497089,126.891347,37.496702,126.890718,37.496372,126.890564,37.496296,126.889373,37.495684,126.889095,37.495536,126.88876,37.495355
2:126.888912,37.495179,126.889246,37.495359,126.889521,37.495506,126.890709,37.496115,126.890864,37.496192,126.891495,37.496524,126.892236,37.496911,126.892794,37.497207,126.893117,37.497367,126.893965,37.497795
2:126.892932,37.497399,126.893086,37.497213,126.893234,37.497053,126.893269,37.497,126.893306,37.496922,126.893329,37.496851,126.893804,37.495245,126.894034,37.494562,126.89412,37.494337,126.894501,37.493286,126.894866,37.492293,126.895006,37.491921,126.895035,37.491841
2:126.895811,37.492231,126.895718,37.492459,126.894936,37.494527,126.894755,37.495097,126.894557,37.495666,126.894138,37.497253,126.894055,37.497555,126.894027,37.497892
3:126.903591,37.497392,126.903305,37.497182,126.903196,37.497094,126.902872,37.496879,126.901911,37.496212,126.901768,37.496119,126.901577,37.495997,126.901321,37.495839,126.900685,37.495455,126.900446,37.495305,126.900181,37.495138,126.89984,37.494914
3:126.900012,37.494749,126.900351,37.494972,126.900613,37.495137,126.90085,37.495286,126.901485,37.49567,126.901743,37.495829,126.901938,37.495953,126.902086,37.496049,126.903047,37.496717,126.90338,37.496937,126.903493,37.497029,126.903774,37.497235
4:126.882482,37.49565,126.882503,37.495321,126.882521,37.495141,126.882557,37.494946,126.882644,37.494669,126.882788,37.494266,126.882903,37.494016,126.883229,37.493256,126.883299,37.493074
2:126.883557,37.493136,126.883486,37.493321,126.883157,37.494087,126.883044,37.494332,126.882905,37.494724,126.882822,37.494988,126.882789,37.495166,126.882772,37.495335,126.882751,37.495661
2:126.88876,37.495355,126.888391,37.495154,126.888086,37.494991,126.8871,37.49449,126.885855,37.493878,126.885738,37.493826,126.885285,37.493661,126.884899,37.493553,126.883963,37.493334,126.883589,37.493253,126.883391,37.493208
3:126.883465,37.493002,126.883662,37.493047,126.884037,37.493128,126.884982,37.493349,126.885387,37.493462,126.885861,37.493635,126.885992,37.493694,126.887244,37.494309,126.888234,37.494812,126.888543,37.494978,126.888912,37.495179
2:126.888721,37.495211,126.888951,37.494912,126.889041,37.494788,126.889243,37.49454,126.889577,37.494124,126.890339,37.493184,126.890695,37.492755,126.89158,37.491747,126.891793,37.491521,126.892317,37.490992,126.892516,37.490806,126.892658,37.490667,126.892902,37.490434
3:126.893109,37.490571,126.892866,37.490802,126.892724,37.490942,126.892526,37.491128,126.892007,37.491651,126.891798,37.491872,126.890918,37.492875,126.890565,37.4933,126.889804,37.49424,126.88947,37.494655,126.889271,37.4949,126.889183,37.495021,126.888951,37.495323
3:126.899841,37.494914,126.899512,37.494701,126.898569,37.494099,126.89758,37.493491,126.897167,37.493251,126.896994,37.493137,126.896757,37.492996,126.896129,37.492604,126.895751,37.492375,126.895599,37.492282,126.895081,37.491954
3:126.895765,37.492113,126.895916,37.492206,126.896294,37.492435,126.896922,37.492827,126.897162,37.492969,126.897333,37.493083,126.897742,37.49332,126.898736,37.493931,126.899682,37.494535,126.900011,37.494749
3:126.899812,37.494774,126.900259,37.49421,126.900711,37.493693,126.901061,37.493233,126.901805,37.492315,126.901962,37.492127,126.902165,37.491879,126.902371,37.491629
3:126.902597,37.491746,126.902391,37.491996,126.902187,37.492244,126.902031,37.492432,126.90129,37.493346,126.900937,37.493809,126.900484,37.494328,126.90004,37.494888
1:126.883297,37.49308,126.883354,37.492888,126.883401,37.492696,126.88355,37.492073,126.883609,37.491808,126.883791,37.491079,126.883879,37.490734,126.883929,37.490541
3:126.884193,37.490584,126.884143,37.490776,126.884055,37.491121,126.883874,37.491847,126.883815,37.492112,126.883666,37.492736,126.883618,37.492933,126.883559,37.49313
3:126.895078,37.491952,126.894603,37.491635,126.894467,37.491544,126.893626,37.49102,126.893177,37.490741,126.892924,37.490587
3:126.893088,37.490417,126.893342,37.490572,126.893792,37.490852,126.894637,37.491378,126.894777,37.491471,126.89525,37.491788,126.895766,37.492114
2:126.895035,37.49184,126.895584,37.490342,126.896073,37.489077,126.896309,37.488614,126.896477,37.488331,126.896665,37.488048,126.896842,37.487815,126.897381,37.487225
3:126.897998,37.487731,126.897808,37.487929,126.897559,37.488201,126.897374,37.48846,126.897302,37.488563,126.897117,37.48886,126.896882,37.489349,126.896876,37.489369,126.896649,37.489978,126.896323,37.490863,126.896022,37.491643,126.895922,37.491937,126.895811,37.492228
3:126.902382,37.491757,126.902169,37.491561,126.901631,37.491069,126.90131,37.490777,126.900723,37.490278,126.900554,37.490125,126.90038,37.489973,126.900223,37.489835,126.900144,37.48977,126.900013,37.489657,126.899951,37.489604,126.899787,37.489456,126.899742,37.489416,126.899568,37.489255,126.899119,37.488855,126.898754,37.488533,126.898622,37.488417,126.898446,37.488264,126.898409,37.488233,126.897819,37.48776,126.897796,37.487742
3:126.897592,37.487218,126.897657,37.487279,126.897947,37.487548,126.897992,37.487595,126.89801,37.487609,126.898603,37.488085,126.898643,37.488119,126.898821,37.488273,126.898954,37.48839,126.89932,37.488713,126.899771,37.489114,126.899945,37.489276,126.899989,37.489315,126.90015,37.489461,126.90021,37.489511,126.900341,37.489623,126.900421,37.48969,126.90058,37.48983,126.900755,37.489983,126.900923,37.490134,126.90151,37.490634,126.901834,37.490929,126.902373,37.491421,126.902586,37.491618
3:126.883929,37.490542,126.884067,37.489992,126.884196,37.48945,126.884333,37.488915,126.884478,37.488347,126.884691,37.48784,126.884924,37.487248,126.885154,37.486744,126.885402,37.486175,126.885554,37.485794,126.885817,37.485158,126.885868,37.48505,126.885949,37.484867
3:126.886203,37.484937,126.886121,37.485123,126.886071,37.485229,126.885811,37.485859,126.885658,37.486243,126.885408,37.486816,126.88518,37.487317,126.884947,37.487906,126.884739,37.488402,126.884598,37.488957,126.884461,37.489491,126.884331,37.490033,126.884193,37.490584
2:126.899839,37.508682,126.899912,37.508578,126.89995,37.508521,126.899991,37.508463,126.900175,37.508073,126.901037,37.506892,126.901181,37.506694,126.90123,37.506627
1:126.901563,37.506775,126.901235,37.507239,126.900982,37.507597,126.900533,37.508232,126.900227,37.508566,126.900187,37.508623,126.900149,37.50868,126.899923,37.508999,126.899782,37.509193
2:126.898863,37.510779,126.898549,37.511349,126.8985,37.511387,126.898428,37.51141,126.898356,37.5114,126.898037,37.511268,126.898248,37.510901,126.898466,37.510568,126.898551,37.510413,126.899204,37.509391,126.899356,37.509192,126.899635,37.50886,126.899855,37.508663
1:126.899794,37.509172,126.899654,37.509522,126.898943,37.510654,126.898878,37.510756,126.898858,37.510786
3:126.882163,37.504427,126.883704,37.505559,126.883911,37.505699,126.883979,37.505747,126.884067,37.505808,126.884439,37.506072,126.885298,37.506682,126.885502,37.506822
1:126.885168,37.507134,126.884916,37.506947,126.883985,37.506292,126.883473,37.505917,126.881847,37.504721
1:126.878265,37.501633,126.878508,37.501926,126.880314,37.503226,126.881816,37.504273,126.882136,37.504411
1:126.881822,37.504695,126.881632,37.50443,126.880135,37.503385,126.878325,37.502083,126.87797,37.501921
1:126.87964,37.503191,126.879511,37.503094,126.879415,37.503022,126.878289,37.502182,126.877941,37.501903
2:126.878242,37.501612,126.87829,37.501645,126.878544,37.501816,126.87878,37.501978,126.879015,37.502152,126.87944,37.502473,126.87965,37.502647,126.87986,37.502796,126.879908,37.50283,126.879983,37.50288
2:126.881848,37.504721,126.881568,37.504517,126.880144,37.503525,126.879871,37.50335,126.879802,37.503303,126.87972,37.503245,126.879646,37.503196
1:126.879983,37.50288,126.88023,37.503046,126.882045,37.504302,126.882178,37.50444
1:126.885835,37.498512,126.88605,37.498326,126.886078,37.498298,126.886684,37.497653,126.887368,37.496837
2:126.887593,37.496955,126.886905,37.497776,126.886292,37.498427,126.886257,37.498464,126.886033,37.498657
3:126.887367,37.496839,126.887444,37.496741,126.888011,37.496059,126.888142,37.495919,126.888451,37.495535,126.888724,37.495208
2:126.888948,37.495326,126.888677,37.495651,126.888365,37.49604,126.888232,37.496182,126.887671,37.496857,126.887595,37.496953
3:126.883596,37.499479,126.883989,37.499262,126.884602,37.498992,126.885428,37.498689,126.885541,37.498647,126.885736,37.49857,126.88576,37.498558,126.88585,37.498501
1:126.885541,37.498883,126.884725,37.499183,126.884132,37.499443,126.88375,37.499654
2:126.886018,37.498668,126.885919,37.498731,126.88587,37.498756,126.885657,37.498839,126.885542,37.498882
2:126.883384,37.493206,126.883095,37.493128,126.882975,37.493099,126.882614,37.492997,126.882527,37.492958,126.88245,37.492917,126.88237,37.49286,126.882303,37.492786,126.882256,37.492701,126.882213,37.492599,126.882053,37.492186,126.882031,37.492139
4:126.882309,37.49212,126.882469,37.492534,126.882507,37.492623,126.882539,37.49268,126.882572,37.492717,126.882615,37.492748,126.882668,37.492776,126.882727,37.492802,126.883059,37.492896,126.883178,37.492925,126.883471,37.493004
2:126.882028,37.492133,126.882016,37.492103,126.881758,37.49147,126.88158,37.491028,126.881382,37.490622,126.881194,37.490192,126.881096,37.489971
3:126.881351,37.4899,126.881449,37.490122,126.881635,37.490548,126.881834,37.490957,126.882015,37.491404,126.882273,37.492038,126.882284,37.492067,126.882307,37.492113
2:126.8828,37.494354,126.88275,37.494287,126.882712,37.494218,126.882677,37.494111,126.882475,37.493443,126.882387,37.49322,126.882327,37.493106,126.882237,37.492918
3:126.882643,37.493151,126.882735,37.493386,126.882939,37.49406,126.882967,37.494148,126.88299,37.494189,126.883032,37.494244
3:126.882864,37.493167,126.882594,37.493115,126.882506,37.493092,126.882442,37.493067,126.882373,37.493033,126.882308,37.49299,126.882263,37.492952
2:126.882553,37.492494,126.882597,37.492606,126.882619,37.492639,126.882645,37.492665,126.882676,37.49269,126.882715,37.492713,126.88277,37.492735,126.882864,37.49276,126.882967,37.492783
2:126.882246,37.492933,126.882186,37.49285,126.882142,37.492778,126.882112,37.492719,126.881985,37.492369,126.881959,37.492282,126.881974,37.492198,126.882024,37.492093,126.882022,37.492101,126.882022,37.492099
1:126.882289,37.492087,126.882307,37.492107,126.882399,37.492169,126.88247,37.492257,126.882554,37.492498
1:126.879833,37.487274,126.879896,37.487329,126.880188,37.487582,126.880351,37.48777,126.880487,37.487995,126.880572,37.488175,126.88135,37.489899
1:126.881097,37.489971,126.880319,37.488249,126.880239,37.488079,126.880118,37.487877,126.879977,37.487716,126.879697,37.487473,126.879633,37.487417
3:126.887881,37.504403,126.887609,37.504664,126.887602,37.50467,126.885641,37.506829,126.885621,37.506849,126.885522,37.506966,126.885366,37.507123
2:126.885155,37.50699,126.885305,37.50684,126.885402,37.506725,126.885424,37.506702,126.887397,37.50453,126.88741,37.50452,126.887672,37.504267
1:126.879863,37.495175,126.879844,37.494926,126.879832,37.494767,126.879839,37.494499,126.879937,37.49352,126.879953,37.493242,126.879985,37.492562,126.880004,37.492219,126.880078,37.49124,126.880113,37.490626,126.88013,37.490204,126.880187,37.488609,126.880195,37.488404
1:126.880464,37.488411,126.880456,37.488615,126.880399,37.490211,126.880382,37.490635,126.880347,37.491251,126.880273,37.49223,126.880254,37.492571,126.880223,37.493251,126.880206,37.493534,126.880108,37.49451,126.880102,37.494763,126.880113,37.494914,126.880132,37.495162
3:126.892921,37.490585,126.892616,37.49039,126.892583,37.490371,126.891951,37.489977,126.891456,37.489667,126.890303,37.488957,126.889568,37.488448
3:126.889745,37.488287,126.890474,37.488792,126.891622,37.489499,126.892118,37.489809,126.892746,37.490201,126.892779,37.49022,126.89309,37.490419
2:126.882433,37.496509,126.882447,37.496216,126.882464,37.495947,126.882482,37.49565
1:126.882751,37.495661,126.882733,37.495957,126.882716,37.496225,126.882702,37.496517
1:126.882431,37.501982,126.881679,37.501689,126.88157,37.501644,126.881228,37.501482,126.881162,37.50144,126.881004,37.501334,126.880869,37.501208,126.880781,37.501122,126.88067,37.500995,126.88058,37.500871,126.880474,37.500704,126.88024,37.500282,126.880114,37.500012,126.879987,37.499684,126.879902,37.499488,126.879801,37.49913,126.879715,37.498703,126.879626,37.498266,126.879601,37.498087,126.879555,37.497442,126.879569,37.497193,126.879592,37.496959,126.879602,37.496867,126.879647,37.49657,126.879707,37.496248,126.879758,37.495958,126.879823,37.495468,126.879847,37.495317
1:126.880115,37.495345,126.88009,37.495493,126.880025,37.495984,126.879973,37.496279,126.879914,37.496599,126.879871,37.496888,126.879861,37.496977,126.879838,37.497206,126.879825,37.49744,126.87987,37.498069,126.879893,37.498237,126.879981,37.498669,126.880066,37.49909,126.880162,37.49943,126.880243,37.499618,126.88037,37.499943,126.88049,37.500202,126.880718,37.500613,126.880817,37.500769,126.880898,37.50088,126.880997,37.500993,126.881076,37.501071,126.881195,37.501182,126.881334,37.501275,126.881383,37.501307,126.881701,37.501457,126.881801,37.501498,126.88255,37.50179
1:126.882497,37.496604,126.882178,37.496447,126.881948,37.496327,126.88156,37.496125,126.881071,37.495861,126.880421,37.495498,126.880332,37.49545,126.880256,37.495425,126.880135,37.495383
3:126.880243,37.495187,126.880361,37.495228,126.88046,37.49526,126.880574,37.495322,126.881224,37.495685,126.88171,37.495947,126.882096,37.496149,126.882323,37.496267,126.882639,37.496422
3:126.882702,37.496518,126.882677,37.496913,126.882648,37.497287,126.88264,37.497431,126.882639,37.497533,126.882641,37.497758,126.882641,37.497796,126.882638,37.498054,126.882638,37.498173,126.882627,37.498895,126.882617,37.499447,126.882624,37.499662,126.88262,37.500221,126.882621,37.500291,126.882686,37.500606
3:126.882351,37.500301,126.88235,37.500221,126.882355,37.499664,126.882348,37.499448,126.882358,37.498892,126.882369,37.498172,126.882368,37.498053,126.882372,37.497796,126.882372,37.49776,126.882369,37.497533,126.88237,37.497425,126.882379,37.497275,126.882408,37.496901,126.882433,37.496507
3:126.882555,37.501792,126.882833,37.501913,126.882909,37.501944,126.883654,37.502256,126.88407,37.50243,126.884511,37.502618,126.885084,37.502867,126.885348,37.502984,126.885844,37.503224,126.886796,37.503722,126.887363,37.504017,126.887526,37.5041,126.887843,37.504242
2:126.88771,37.504428,126.887387,37.504283,126.887216,37.504196,126.886648,37.503901,126.8857,37.503405,126.885212,37.503169,126.884953,37.503054,126.884383,37.502806,126.883943,37.502618,126.883529,37.502445,126.882784,37.502134,126.882705,37.502101,126.882426,37.501979
3:126.876731,37.505476,126.877923,37.504448,126.87865,37.50382,126.879423,37.503197,126.879635,37.50304,126.879794,37.502892
2:126.879825,37.503192,126.879611,37.50335,126.878846,37.503967,126.878121,37.504592,126.876929,37.505621
2:126.876919,37.505468,126.878456,37.506529,126.879318,37.507131,126.879616,37.507342,126.879825,37.507486,126.880085,37.507662,126.880135,37.507697,126.880506,37.507944,126.88179,37.508816,126.881935,37.508908,126.88281,37.509579,126.88477,37.510976,126.885139,37.511253,126.886784,37.512419
2:126.886605,37.512579,126.884957,37.51141,126.884587,37.511134,126.882626,37.509735,126.881757,37.509069,126.881618,37.508981,126.880332,37.508107,126.879959,37.507859,126.879908,37.507823,126.879649,37.507649,126.879437,37.507502,126.879139,37.507291,126.878279,37.50669,126.876742,37.505629
3:126.889257,37.511215,126.888125,37.510429,126.886846,37.509511,126.886114,37.508939,126.887015,37.508445,126.887143,37.50837,126.88731,37.50826
3:126.887306,37.508541,126.887171,37.508619,126.886535,37.508968,126.887031,37.509355,126.888305,37.510269,126.889435,37.511055
2:126.887294,37.508273,126.888249,37.50739,126.889638,37.508263,126.88996,37.50847,126.890057,37.508535,126.890282,37.50866,126.890717,37.508889,126.890847,37.509003,126.890979,37.509145,126.891021,37.509179,126.891053,37.509193,126.891094,37.509206,126.891157,37.509222,126.891251,37.509233,126.891479,37.509266,126.891688,37.50935,126.891856,37.509429,126.892199,37.50959,126.892335,37.509654,126.892418,37.509694,126.892494,37.509758,126.892535,37.509958,126.892531,37.510072,126.892523,37.510145,126.892479,37.510226,126.892395,37.510332,126.8923,37.51045,126.891946,37.5109
3:126.891717,37.510787,126.892072,37.510336,126.892168,37.510218,126.89224,37.510127,126.892259,37.510092,126.892262,37.51006,126.892265,37.509972,126.892241,37.509857,126.892247,37.509861,126.892197,37.509838,126.892061,37.509774,126.891718,37.509613,126.891558,37.509537,126.891392,37.509471,126.891207,37.509444,126.891095,37.50943,126.891004,37.509407,126.890937,37.509387,126.890857,37.50935,126.890774,37.509285,126.890638,37.509138,126.89054,37.509052,126.890129,37.508836,126.889893,37.508704,126.889789,37.508635,126.889469,37.50843,126.888285,37.507685,126.887491,37.508419,126.887313,37.508537
4:126.885507,37.506826,126.885724,37.506993,126.886692,37.507688,126.887409,37.508206,126.887487,37.508264
2:126.887133,37.508532,126.887103,37.508509,126.886378,37.507993,126.885908,37.507657,126.885171,37.507136
1:126.887485,37.508262,126.888372,37.508881,126.888824,37.509165,126.888942,37.509234,126.890474,37.510017,126.890579,37.510071
4:126.89025,37.510382,126.888627,37.509532,126.888513,37.509463,126.888054,37.509174,126.887843,37.50902,126.88722,37.50859,126.887139,37.508536

