3:126.94895,37.492156,126.950202,37.491863,126.950562,37.491763,126.950765,37.491673,126.951292,37.491358,126.951516,37.491242,126.95191,37.490976,126.952284,37.490665,126.952748,37.490246,126.953006,37.490064,126.953241,37.489934,126.953433,37.489867
2:126.953542,37.490062,126.953373,37.490121,126.953173,37.490232,126.95294,37.490397,126.952483,37.490809,126.952095,37.491132,126.951678,37.491413,126.951448,37.491533,126.950912,37.491853,126.950672,37.491958,126.950285,37.492067,126.949026,37.492361
3:126.940071,37.513452,126.940076,37.513171,126.94008,37.512517,126.940081,37.512178,126.940078,37.511942,126.940071,37.511834,126.940048,37.510638,126.94005,37.509988,126.939993,37.508337,126.939983,37.508184,126.939877,37.507564,126.939795,37.507183,126.939724,37.506887,126.93947,37.505942,126.939445,37.505831,126.939394,37.505605,126.939331,37.50534,126.939256,37.505088
3:126.939518,37.505039,126.939595,37.505295,126.939659,37.505567,126.939711,37.505794,126.939734,37.505901,126.939988,37.506845,126.94006,37.507145,126.940144,37.507531,126.940252,37.508164,126.940262,37.508329,126.940319,37.509986,126.940318,37.510636,126.94034,37.511826,126.940348,37.511935,126.94035,37.512177,126.94035,37.512518,126.940346,37.513173,126.940341,37.513455
3:126.944572,37.510601,126.944666,37.510435,126.944773,37.510246,126.944917,37.510042,126.945262,37.509743,126.94545,37.509589,126.94577,37.509315,126.946396,37.508808,126.946633,37.508604,126.946928,37.508339,126.947279,37.508064,126.947735,37.507645,126.947876,37.507505,126.947989,37.507335,126.947979,37.507198,126.94796,37.507158,126.947913,37.507087,126.947775,37.506904,126.947387,37.506418,126.946124,37.50487
3:126.94635,37.504754,126.947614,37.506303,126.948005,37.506792,126.948148,37.506982,126.948207,37.50707,126.948246,37.507154,126.948262,37.507383,126.948102,37.507622,126.947943,37.507782,126.947476,37.508211,126.947124,37.508486,126.946833,37.508747,126.946592,37.508955,126.945965,37.509463,126.945646,37.509736,126.945458,37.50989,126.945137,37.510168,126.945014,37.510342,126.944912,37.510522,126.944817,37.510689
1:126.939408,37.504958,126.939674,37.504992,126.939775,37.504991,126.940905,37.505009,126.941461,37.505076,126.941955,37.505127,126.942282,37.505139,126.943412,37.505129,126.944312,37.505123,126.944403,37.505123,126.944543,37.505119,126.944685,37.505111,126.944799,37.505098,126.945003,37.505067,126.945173,37.50503,126.945553,37.50492,126.946101,37.504739,126.946189,37.504712
3:126.946285,37.504912,126.946201,37.504937,126.945651,37.505119,126.945255,37.505234,126.945064,37.505276,126.944843,37.505309,126.944714,37.505324,126.944556,37.505333,126.944408,37.505336,126.944314,37.505337,126.943415,37.505343,126.942277,37.505353,126.941932,37.50534,126.941423,37.505288,126.940882,37.505223,126.939774,37.505205,126.939654,37.505206,126.939366,37.505169
3:126.939256,37.505087,126.939172,37.504795,126.939107,37.504558,126.939089,37.504476,126.939088,37.504419,126.939089,37.50437,126.939155,37.504115,126.939465,37.503413,126.939636,37.50301,126.939679,37.502941,126.939833,37.502702,126.940249,37.502193,126.940915,37.501437,126.941136,37.501182,126.941469,37.500778,126.941584,37.500645,126.94194,37.500394,126.942923,37.499692,126.943945,37.499038
3:126.944114,37.499204,126.943098,37.499855,126.94212,37.500554,126.941788,37.500788,126.941693,37.500898,126.94136,37.501301,126.941137,37.501559,126.940472,37.502312,126.940067,37.502809,126.93992,37.503038,126.939885,37.503093,126.93972,37.503483,126.939416,37.504172,126.939358,37.504394,126.939357,37.50442,126.939358,37.504455,126.939372,37.504516,126.939435,37.504749,126.939518,37.50504
3:126.949558,37.504339,126.949482,37.504291,126.949104,37.504077,126.948101,37.503535,126.948075,37.503517,126.947684,37.503298,126.947572,37.503236
2:126.947839,37.503123,126.948241,37.503348,126.948265,37.503365,126.949258,37.503902,126.949644,37.50412,126.949724,37.504171
3:126.946157,37.504726,126.94624,37.504677,126.946349,37.504615,126.946434,37.504542,126.946555,37.504405,126.946929,37.50392,126.947158,37.503671,126.947302,37.503493,126.947355,37.503422,126.947526,37.503106
3:126.947863,37.503281,126.947585,37.503533,126.947532,37.503604,126.94738,37.503792,126.947153,37.504039,126.94678,37.504522,126.946644,37.504676,126.946529,37.504776,126.946399,37.50485,126.946318,37.504898
3:126.947572,37.503236,126.947235,37.503048,126.946958,37.502889,126.946874,37.502837,126.94663,37.502725,126.946595,37.502707,126.946495,37.502641
4:126.946666,37.502476,126.946756,37.502535,126.946773,37.502544,126.947025,37.502659,126.94712,37.502718,126.947392,37.502874,126.947839,37.503123
4:126.94648,37.50263,126.946293,37.502464,126.945991,37.50215
2:126.946206,37.50202,126.946501,37.502328,126.946681,37.502488
4:126.945988,37.502147,126.945909,37.502058,126.945643,37.501771,126.945561,37.501681,126.945218,37.501185,126.945184,37.501127
3:126.945428,37.501036,126.945458,37.501088,126.945789,37.501566,126.945861,37.501644,126.946128,37.501933,126.946209,37.502024
3:126.945186,37.50113,126.944284,37.499736,126.944186,37.499585,126.944018,37.499328,126.943975,37.499262,126.943912,37.499174
2:126.944146,37.499068,126.944212,37.49916,126.944258,37.49923,126.944425,37.499487,126.944524,37.499638,126.945426,37.501033
4:126.94449,37.499605,126.944648,37.49971
3:126.960917,37.507793,126.960675,37.507749,126.960558,37.507724,126.960262,37.50763,126.960118,37.507582,126.959751,37.507442,126.959562,37.507368,126.959428,37.507341,126.959309,37.507324,126.95921,37.507306,126.95907,37.507288,126.958989,37.507274,126.958914,37.507251,126.958848,37.50722,126.958641,37.507104,126.958518,37.50703,126.958457,37.507019,126.958378,37.507001,126.9579,37.506908,126.957678,37.506847,126.956986,37.506622,126.956942,37.506603,126.956339,37.506336,126.95621,37.506276,126.95612,37.506259,126.956088,37.506259,126.955669,37.506292,126.955142,37.506359,126.954834,37.506388,126.954693,37.50638,126.954568,37.506331,126.954465,37.50627,126.954385,37.506169,126.953878,37.505241,126.953788,37.505123,126.953591,37.505113
2:126.953609,37.504899,126.953946,37.504917,126.954118,37.505143,126.954625,37.506069,126.954667,37.506123,126.95471,37.506149,126.954764,37.50617,126.954827,37.506173,126.955105,37.506147,126.955635,37.50608,126.956076,37.506045,126.956155,37.506046,126.956312,37.506076,126.956473,37.50615,126.957072,37.506415,126.957102,37.506429,126.957773,37.506647,126.957976,37.506703,126.958445,37.506794,126.958525,37.506812,126.958636,37.506833,126.9588,37.506931,126.958994,37.50704,126.959032,37.507058,126.959067,37.507068,126.959121,37.507078,126.959261,37.507096,126.959363,37.507114,126.959486,37.507132,126.959657,37.507167,126.959869,37.50725,126.960228,37.507387,126.960364,37.507432,126.960643,37.507521,126.960739,37.507541,126.960977,37.507584
2:126.953587,37.505113,126.952949,37.505062,126.951982,37.504986,126.951047,37.504895,126.950513,37.504842
3:126.950547,37.50463,126.95108,37.504683,126.952012,37.504774,126.952976,37.50485,126.953613,37.5049
2:126.952696,37.497492,126.95316,37.497744,126.953397,37.497897,126.953486,37.497963,126.953524,37.49803,126.953536,37.498071,126.953547,37.498114,126.953546,37.498187,126.953519,37.498264,126.953475,37.498351,126.953241,37.498633,126.953201,37.498707,126.953189,37.49878,126.953183,37.498836,126.953193,37.4989,126.953228,37.498969,126.953297,37.499045,126.953631,37.49937,126.953731,37.499488,126.953794,37.499608,126.953892,37.499891,126.95392,37.500108,126.953927,37.500297,126.953928,37.500515,126.953898,37.500776,126.953818,37.501201,126.953725,37.501698,126.953666,37.50226,126.953663,37.502355,126.953672,37.502413,126.953691,37.502457,126.953733,37.502504,126.953823,37.502581,126.953881,37.502617,126.954221,37.502807,126.954338,37.502899,126.954411,37.502962,126.954593,37.503152,126.954653,37.503261,126.954687,37.503355,126.954675,37.503527,126.954631,37.503645,126.954554,37.503757,126.954406,37.503878,126.95424,37.503973,126.953934,37.504147,126.953886,37.504179,126.953821,37.504281,126.953771,37.504398,126.953738,37.504507,126.953726,37.50461,126.953734,37.504895,126.953735,37.505005
3:126.953465,37.505007,126.953464,37.504898,126.953456,37.504602,126.953471,37.504473,126.953512,37.504339,126.953572,37.504197,126.953671,37.504044,126.953768,37.503979,126.954083,37.5038,126.954229,37.503716,126.954335,37.503629,126.954381,37.503562,126.954408,37.50349,126.954415,37.503379,126.954399,37.503334,126.954359,37.503261,126.954204,37.503099,126.954144,37.503047,126.954047,37.502971,126.953721,37.502789,126.95364,37.502739,126.953524,37.502639,126.953449,37.502556,126.953408,37.50246,126.953394,37.502365,126.953397,37.502249,126.953457,37.501674,126.953551,37.501169,126.95363,37.500751,126.953659,37.500505,126.953658,37.500301,126.95365,37.500122,126.953627,37.49993,126.953539,37.499678,126.953493,37.49959,126.953414,37.499497,126.953082,37.499175,126.95299,37.499073,126.95293,37.498953,126.952913,37.498841,126.952921,37.498758,126.952939,37.498649,126.953003,37.498531,126.953235,37.498251,126.953263,37.498196,126.953277,37.498157,126.953277,37.498133,126.953273,37.498116,126.953268,37.498098,126.953263,37.49809,126.95322,37.498059,126.952998,37.497915,126.952545,37.497669,126.952371,37.497578
2:126.947532,37.503097,126.947651,37.502926,126.948068,37.502356,126.948569,37.501764,126.948976,37.501317,126.949917,37.500272,126.951129,37.498819,126.951265,37.498659,126.951677,37.498202,126.952171,37.497623,126.952249,37.497526,126.952333,37.497429
2:126.952732,37.49764,126.952558,37.497844,126.952062,37.498414,126.951644,37.498871,126.95155,37.498983,126.951108,37.499522,126.950505,37.500207,126.949922,37.500873,126.949349,37.501521,126.94894,37.501974,126.948432,37.502542,126.948242,37.502778,126.947877,37.503265
3:126.952338,37.497423,126.952486,37.497271,126.953193,37.496469,126.953533,37.496075,126.953964,37.495593
2:126.954426,37.495712,126.953104,37.497232,126.952855,37.497503,126.952786,37.497578,126.952731,37.497641
2:126.954168,37.512637,126.954074,37.512548,126.953906,37.512374,126.953799,37.512229,126.953664,37.512026,126.953022,37.510907,126.951089,37.507222,126.950544,37.506187,126.950067,37.505308,126.950048,37.505241,126.950044,37.50519,126.950064,37.505027,126.950063,37.505022,126.949846,37.504667,126.949749,37.504538,126.94966,37.504439,126.949538,37.504324
1:126.949744,37.504186,126.949874,37.504308,126.949975,37.504421,126.950084,37.504565,126.950314,37.504943,126.950325,37.504959,126.950446,37.505067,126.950504,37.505149,126.951013,37.506036,126.951535,37.507097,126.95349,37.510741,126.954078,37.511925,126.954188,37.512065,126.954292,37.512185,126.95446,37.512318,126.954816,37.512544
1:126.956335,37.485467,126.956454,37.485617,126.957037,37.48637,126.957131,37.486474,126.957202,37.486558,126.957884,37.487341,126.957968,37.487447,126.958046,37.487566,126.958164,37.487808,126.958203,37.487926,126.958227,37.488042,126.958234,37.488118,126.958236,37.48819,126.958229,37.488284,126.95821,37.488426,126.958169,37.488597,126.958104,37.488752,126.958022,37.488882,126.957725,37.489282,126.95728,37.489925,126.957116,37.490147,126.956824,37.49061,126.95671,37.490797,126.956667,37.490875,126.956626,37.490953,126.956572,37.491066,126.95655,37.491133
2:126.95616,37.490876,126.95625,37.490708,126.956377,37.490496,126.95642,37.490431,126.956669,37.490022,126.956831,37.489791,126.957337,37.489073,126.957474,37.488886,126.957563,37.488757,126.95762,37.488675,126.957661,37.488606,126.9577,37.48852,126.957733,37.488428,126.957752,37.488327,126.957769,37.488191,126.957764,37.488078,126.957722,37.487936,126.9576,37.487687,126.957551,37.487617,126.9575,37.487541,126.957372,37.487371,126.956859,37.486762,126.956666,37.486532,126.95601,37.48573
2:126.953968,37.495589,126.954242,37.495312,126.954387,37.495151,126.954647,37.494849,126.954904,37.494523,126.955171,37.494213,126.955403,37.49393,126.955619,37.493666,126.955916,37.493314,126.956157,37.493043,126.956253,37.492935,126.9563,37.492848,126.956317,37.492764,126.956318,37.492668,126.956309,37.492608,126.956283,37.492496,126.956184,37.492086,126.956099,37.491712,126.956062,37.491489,126.956058,37.491333,126.956066,37.491206,126.956079,37.491123,126.956115,37.490991,126.956155,37.490886
2:126.956552,37.491126,126.956534,37.491197,126.956527,37.491279,126.956518,37.491445,126.956529,37.49156,126.956573,37.491788,126.956672,37.492226,126.956721,37.492414,126.956754,37.492537,126.956764,37.492621,126.956766,37.492709,126.956754,37.492828,126.956721,37.49295,126.956672,37.49306,126.956628,37.49314,126.956578,37.493203,126.956444,37.49335,126.956002,37.493869,126.955684,37.494259,126.955542,37.494425,126.955018,37.495044,126.95474,37.495373,126.95461,37.495514,126.954424,37.495715
3:126.938011,37.504147,126.938283,37.504305,126.938673,37.504539,126.939067,37.504776,126.939459,37.504973
1:126.939315,37.505154,126.938913,37.504952,126.93851,37.504709,126.938122,37.504477,126.937852,37.504319
3:126.956221,37.491012,126.956062,37.490944,126.955971,37.490904,126.955578,37.490749,126.955436,37.490706,126.955046,37.490626,126.954675,37.490567,126.954526,37.490536,126.954326,37.49044,126.954126,37.490305,126.953929,37.490176,126.953743,37.490113,126.953658,37.490096,126.953465,37.49007
4:126.95351,37.489859,126.953714,37.489887,126.95383,37.48991,126.95407,37.489992,126.954299,37.490141,126.954485,37.490266,126.954632,37.490337,126.954735,37.490358,126.955106,37.490418,126.955518,37.490502,126.955687,37.490553,126.956097,37.490715,126.956192,37.490757,126.956348,37.490823
2:126.953354,37.489979,126.953332,37.489853,126.95326,37.489689,126.952892,37.489246,126.952844,37.48916,126.952799,37.488993,126.952731,37.488795,126.952592,37.488621,126.952281,37.488398,126.952134,37.488261,126.951844,37.487812
3:126.952083,37.487714,126.95236,37.488141,126.952475,37.488249,126.9528,37.488481,126.952981,37.488708,126.953061,37.488942,126.953102,37.489094,126.95313,37.489144,126.953503,37.489593,126.953595,37.489802,126.953621,37.48995
3:126.960763,37.503681,126.960775,37.503613,126.960776,37.503546,126.96077,37.503467,126.960754,37.503368,126.960712,37.503218,126.960662,37.503091,126.960649,37.503062,126.960519,37.502759,126.960149,37.502026,126.960067,37.501824,126.960031,37.501716,126.96,37.501587,126.95999,37.501488,126.960024,37.501247,126.960046,37.501158,126.960056,37.501109,126.96006,37.501067,126.96006,37.501042
3:126.960329,37.501041,126.960329,37.501075,126.960323,37.501133,126.960312,37.501195,126.96029,37.501279,126.960261,37.501491,126.960267,37.501558,126.960294,37.501668,126.960326,37.501763,126.960403,37.501954,126.960771,37.502684,126.960904,37.502992,126.960918,37.503024,126.960972,37.503164,126.961019,37.503331,126.961039,37.503447,126.961046,37.503541,126.961044,37.50363,126.96103,37.503711
2:126.96006,37.501047,126.960057,37.501,126.960052,37.500964,126.960042,37.500924,126.959815,37.500271,126.959802,37.500206,126.959793,37.500127,126.95979,37.499998
3:126.95979,37.500001,126.959754,37.49936,126.959749,37.499252,126.959743,37.499152,126.959732,37.499116,126.959676,37.499018,126.959401,37.49863,126.959244,37.498393,126.959194,37.498287,126.959163,37.498155,126.959147,37.498063,126.959167,37.497774,126.959202,37.497629,126.959348,37.497145,126.959419,37.49701,126.959493,37.496903,126.961119,37.495633,126.961167,37.49557,126.961182,37.495538,126.961191,37.495489,126.961193,37.495468,126.961189,37.495456,126.961069,37.495296,126.960704,37.494798
2:126.960937,37.494691,126.961301,37.495188,126.961441,37.495373,126.961464,37.495447,126.96146,37.495511,126.961444,37.495591,126.961411,37.495663,126.961333,37.495766,126.95971,37.497033,126.959662,37.497103,126.959605,37.497211,126.959466,37.497674,126.959435,37.4978,126.959418,37.498055,126.959429,37.498122,126.959455,37.498229,126.95949,37.498306,126.959637,37.498528,126.959917,37.498921,126.959988,37.499047,126.960011,37.499122,126.960015,37.499178
2:126.954071,37.495548,126.954586,37.495539,126.954656,37.495533,126.954785,37.495517,126.955577,37.495393,126.95662,37.49523,126.957763,37.495068,126.958872,37.494905,126.959573,37.494815,126.960797,37.494639
2:126.960845,37.494849,126.959618,37.495026,126.958917,37.495116,126.957811,37.495278,126.95667,37.49544,126.955629,37.495602,126.954833,37.495727,126.954693,37.495745,126.954604,37.495753,126.954318,37.495758
3:126.952371,37.497578,126.952111,37.497442,126.951816,37.497334,126.951321,37.497195,126.950969,37.497108,126.950918,37.497102,126.950824,37.497115,126.95073,37.497136,126.950711,37.497144,126.950194,37.497384,126.949383,37.496049,126.949187,37.495654,126.949165,37.495584,126.94907,37.494839,126.949077,37.494781,126.949094,37.494729,126.949127,37.49465,126.949164,37.494565,126.949226,37.494435,126.9493,37.49432,126.949374,37.494225,126.949427,37.494148,126.949494,37.494048,126.949571,37.49393,126.949576,37.493918,126.949582,37.49389,126.949591,37.493801,126.949594,37.493698,126.949586,37.493622,126.949567,37.493563,126.949475,37.493393,126.949287,37.493067,126.948865,37.492301
3:126.949112,37.492216,126.949533,37.49298,126.949721,37.493306,126.949822,37.493493,126.949853,37.493585,126.949864,37.493693,126.94986,37.493812,126.94985,37.493918,126.949837,37.493971,126.94982,37.494013,126.949733,37.494147,126.949664,37.49425,126.949607,37.494333,126.949534,37.494425,126.949473,37.494521,126.949418,37.494637,126.949382,37.494719,126.949352,37.49479,126.949343,37.494819,126.94934,37.494839,126.949431,37.495547,126.949444,37.495589,126.94963,37.495964,126.95031,37.497083,126.95058,37.496957,126.950629,37.496937,126.950763,37.496907,126.950914,37.496885,126.951029,37.496899,126.951406,37.496992,126.951918,37.497136,126.952242,37.497255,126.952519,37.497399,126.952694,37.497491
2:126.949019,37.492363,126.948654,37.492432,126.948008,37.492533,126.947245,37.492585,126.947071,37.492636,126.946959,37.492693,126.946898,37.492731,126.94681,37.4928,126.946582,37.493017,126.946384,37.4932,126.946279,37.49327,126.946139,37.493332,126.946026,37.493354,126.94591,37.493365,126.945757,37.493342,126.945625,37.493288,126.945517,37.493213,126.945454,37.493117,126.945044,37.492248,126.944995,37.492191,126.944961,37.492172,126.94486,37.492155,126.944092,37.49213,126.943965,37.49212,126.943857,37.492101
2:126.943915,37.491892,126.944008,37.491908,126.944111,37.491917,126.944894,37.491942,126.945072,37.491972,126.94519,37.492039,126.945285,37.492149,126.9457,37.49303,126.945732,37.493078,126.945778,37.49311,126.945846,37.493138,126.945919,37.493149,126.945978,37.493143,126.94604,37.493131,126.946125,37.493094,126.946194,37.493047,126.946377,37.492879,126.946612,37.492655,126.946719,37.492571,126.946802,37.492519,126.94695,37.492444,126.947185,37.492374,126.947971,37.492321,126.948596,37.492223,126.948957,37.492155
3:126.94383,37.492093,126.943641,37.492025,126.943154,37.491782,126.943088,37.491707,126.943065,37.491603,126.943063,37.491506,126.943053,37.491489,126.94299,37.491442,126.94282,37.49133,126.942717,37.491248,126.942652,37.491145,126.94261,37.491056,126.942581,37.491014,126.942532,37.490988,126.942253,37.491049,126.941827,37.491138
3:126.941759,37.490931,126.942183,37.490843,126.942579,37.490756,126.942786,37.490865,126.942856,37.490967,126.942899,37.49106,126.942939,37.491122,126.943002,37.491172,126.943169,37.491282,126.943274,37.491361,126.943331,37.491455,126.943334,37.491582,126.943343,37.491624,126.943344,37.491624,126.943769,37.491836,126.943942,37.491899
3:126.941678,37.490978,126.941945,37.490635,126.942074,37.490382,126.942094,37.490321,126.942117,37.490149,126.942107,37.490077,126.942014,37.489806,126.941941,37.489531,126.941836,37.489256,126.941734,37.489002,126.941655,37.488896,126.941593,37.48884,126.941512,37.488779,126.94147,37.488751,126.941035,37.488511,126.940543,37.488212,126.940212,37.487951,126.940093,37.487819,126.939408,37.48701,126.939346,37.486924,126.939315,37.486873,126.939283,37.486798,126.939237,37.486492,126.939218,37.486222
3:126.939487,37.48621,126.939505,37.486473,126.939547,37.48675,126.939565,37.486792,126.939584,37.486824,126.939637,37.486896,126.940315,37.487697,126.940418,37.487812,126.940721,37.48805,126.941194,37.488338,126.941634,37.488581,126.941692,37.48862,126.941787,37.488692,126.941874,37.488769,126.941981,37.488914,126.942093,37.489192,126.942203,37.489478,126.942277,37.489756,126.942372,37.490037,126.942388,37.490149,126.94236,37.49036,126.94233,37.490449,126.942186,37.490732,126.941907,37.49109
3:126.943904,37.49916,126.943785,37.498918,126.943738,37.498823,126.943651,37.498645,126.943562,37.498457,126.943108,37.497566,126.942957,37.497239,126.942898,37.497065,126.942858,37.496898,126.942588,37.495472,126.942562,37.495209,126.942575,37.494967,126.942612,37.494791,126.942693,37.494599,126.942739,37.49448
3:126.942997,37.494542,126.94295,37.494664,126.942874,37.494843,126.942843,37.494989,126.942832,37.495205,126.942856,37.495447,126.943124,37.496862,126.943161,37.497018,126.943214,37.497175,126.94336,37.497489,126.943813,37.49838,126.943903,37.498568,126.94399,37.498745,126.944036,37.49884,126.944155,37.499082
1:126.942739,37.494479,126.94276,37.494425,126.942816,37.4941,126.943254,37.492846,126.943503,37.492198,126.943569,37.492074,126.943779,37.491705,126.944045,37.491279,126.944072,37.491237,126.944583,37.490744,126.944791,37.490524,126.945051,37.490286
1:126.945254,37.490426,126.945001,37.490658,126.944802,37.490869,126.944411,37.49142,126.943916,37.492284,126.943191,37.494187,126.943018,37.494487,126.942996,37.494543
1:126.943765,37.491949,126.943793,37.491904,126.943793,37.491906,126.943793,37.4919,126.943788,37.491862,126.943781,37.491803,126.943787,37.49171,126.943799,37.491637,126.943868,37.491376,126.943976,37.491172,126.944747,37.490418,126.944816,37.49038,126.944888,37.490353,126.944939,37.49034,126.944978,37.490325,126.945007,37.490312,126.945068,37.490273
1:126.945266,37.490414,126.945238,37.490449,126.94523,37.490464,126.945218,37.490495,126.945201,37.490551,126.945175,37.490612,126.94514,37.490676,126.944516,37.491471,126.944409,37.491569,126.944237,37.491817,126.944172,37.491906,126.944122,37.491946,126.944081,37.491968,126.944058,37.491979,126.94405,37.491983,126.944043,37.491991,126.944034,37.492,126.944006,37.492044
3:126.94504,37.490297,126.945575,37.489653,126.945868,37.489298,126.945882,37.489273,126.946017,37.489016,126.946178,37.48856,126.946378,37.487838,126.946413,37.487704,126.946473,37.487531,126.946719,37.487109,126.946832,37.486949,126.946844,37.486926,126.94685,37.486901
1:126.947114,37.486942,126.947103,37.486986,126.947076,37.487041,126.946959,37.487206,126.946727,37.487605,126.946675,37.487755,126.946641,37.487883,126.946439,37.488611,126.946272,37.489086,126.946129,37.489359,126.946104,37.489402,126.945801,37.489771,126.945265,37.490415
