1:126.944668,37.466201,126.943168,37.464621,126.942112,37.463529,126.93993,37.461265,126.937942,37.459115,126.936716,37.457881,126.935173,37.45649,126.933243,37.454994,126.931395,37.453647,126.928487,37.451501,126.925876,37.449578,126.923751,37.448012,126.921594,37.446405,126.919713,37.445026,126.918044,37.443788,126.915754,37.442102,126.913795,37.440678,126.913227,37.440272,126.912637,37.439859,126.912292,37.439635,126.911994,37.439467,126.911364,37.439175,126.911003,37.439039,126.910323,37.438814,126.909926,37.43871,126.909575,37.438633,126.908868,37.438527,126.908051,37.438428,126.907568,37.438393,126.906224,37.438368,126.905999,37.438368
1:126.90549,37.43796,126.906224,37.437925,126.907553,37.437844,126.907787,37.437848,126.908186,37.437869,126.908588,37.437908,126.908972,37.437955,126.909408,37.438029,126.909843,37.438117,126.910089,37.438173,126.910521,37.438296,126.911,37.438445,126.911235,37.438533,126.911577,37.438671,126.911839,37.438786,126.9122,37.438961,126.912622,37.43919,126.912973,37.439401,126.913216,37.439559,126.913704,37.439895,126.914217,37.440279,126.916218,37.441717,126.918422,37.443341,126.920083,37.44455,126.921993,37.445975,126.924167,37.447574,126.926279,37.449136,126.928947,37.451106,126.931821,37.453227,126.933818,37.45469,126.935629,37.45609,126.937234,37.457528,126.93853,37.458845,126.940542,37.461012,126.942312,37.46286,126.942613,37.463171,126.943675,37.464269,126.945439,37.466161,126.946317,37.46712
3:126.920945,37.450036,126.92066,37.450098,126.920298,37.450123,126.919651,37.450111,126.917943,37.449926,126.917663,37.4499,126.91759,37.4499,126.916298,37.450113,126.91614,37.450169
2:126.916863,37.452772,126.917215,37.45303,126.917355,37.453173,126.917649,37.453474,126.917674,37.453494,126.917701,37.45351,126.917938,37.453614,126.918189,37.453724,126.918211,37.453731,126.918236,37.453734,126.918754,37.45373,126.918829,37.453738,126.918894,37.453757,126.918969,37.453802,126.919235,37.45406,126.919249,37.454069,126.919262,37.454073,126.919273,37.454074,126.919265,37.454075,126.919268,37.454074,126.919874,37.453726,126.919909,37.453701,126.919947,37.453656,126.920216,37.453114,126.920537,37.452451,126.920665,37.452302
2:126.920888,37.452423,126.920777,37.452551,126.920468,37.453192,126.920187,37.453757,126.920114,37.453843,126.920045,37.453892,126.919408,37.454258,126.919346,37.454282,126.919271,37.454291,126.919191,37.454281,126.91911,37.454255,126.919043,37.454211,126.918782,37.453958,126.918763,37.453947,126.918762,37.453946,126.918737,37.453944,126.918215,37.453949,126.918138,37.453938,126.918073,37.453917,126.917808,37.453801,126.917556,37.453691,126.917496,37.453656,126.917445,37.453614,126.917143,37.453304,126.917016,37.453176,126.91668,37.452928
1:126.924499,37.461464,126.924341,37.46146,126.924182,37.461447,126.924076,37.461433,126.923896,37.461396,126.92377,37.461357,126.923605,37.461279,126.9235,37.461213,126.923323,37.461096,126.923172,37.460979,126.923027,37.460823,126.92293,37.460695,126.922852,37.460556,126.922607,37.459792,126.92241,37.459237,126.92221,37.458898,126.921332,37.458023
2:126.921543,37.457889,126.922441,37.458784,126.922664,37.459162,126.922867,37.459736,126.923107,37.460486,126.923169,37.460596,126.923251,37.460704,126.923376,37.460838,126.923504,37.460937,126.92367,37.461047,126.923759,37.461103,126.923889,37.461164,126.923979,37.461192,126.924132,37.461224,126.924218,37.461235,126.924359,37.461246,126.924507,37.46125
1:126.921345,37.458034,126.921087,37.457839,126.920967,37.457711,126.920935,37.457668,126.920914,37.45762,126.920889,37.457539,126.920729,37.457019,126.920605,37.456609,126.920546,37.456417,126.920539,37.456375,126.920538,37.456317,126.920548,37.456245,126.920574,37.4561,126.920605,37.456003,126.920717,37.455762,126.921043,37.454334,126.921089,37.454053,126.921102,37.453827,126.921083,37.453507,126.921055,37.45336,126.921017,37.453229,126.920796,37.452723,126.920649,37.452399
1:126.920903,37.452326,126.92105,37.452652,126.921276,37.45317,126.92132,37.45332,126.921352,37.453486,126.921372,37.453826,126.921358,37.454072,126.921309,37.454367,126.920982,37.4558,126.920978,37.456022,126.920976,37.456146,126.920977,37.456208,126.920979,37.456235,126.920985,37.45626,126.920997,37.456307,126.9214,37.457569,126.921564,37.457919
2:126.920556,37.451804,126.920552,37.451782,126.920449,37.45149,126.920432,37.451225,126.92046,37.451039,126.92072,37.450396,126.920748,37.450329,126.920757,37.450279,126.920758,37.450142,126.920761,37.450046,126.920775,37.449922
2:126.921034,37.449891,126.921131,37.450076,126.921167,37.450171,126.921174,37.450218,126.921186,37.450427,126.921196,37.450613,126.921198,37.450979,126.921176,37.451052,126.921113,37.451196,126.921071,37.451299,126.92099,37.451561,126.920826,37.451803,126.920815,37.451825
1:126.920647,37.452393,126.920588,37.452235,126.920565,37.452115,126.920556,37.451957,126.920554,37.451783,126.920596,37.4512,126.92066,37.451005,126.92074,37.450846,126.920894,37.450649,126.921606,37.450095,126.92172,37.449996,126.921798,37.449888,126.921835,37.449804,126.921862,37.449714,126.921867,37.44965,126.921854,37.449557,126.92182,37.449433,126.921753,37.449326,126.920486,37.448205
1:126.920686,37.448062,126.921978,37.449205,126.922076,37.449361,126.92212,37.449522,126.922137,37.449644,126.92213,37.449745,126.922094,37.449864,126.922044,37.449978,126.921939,37.450123,126.9218,37.450244,126.921106,37.450784,126.920982,37.450943,126.920917,37.451072,126.920864,37.451234,126.920824,37.451789,126.920825,37.451951,126.920834,37.452094,126.920852,37.452189,126.920905,37.452332
2:126.918767,37.472922,126.918976,37.472689,126.91915,37.472474,126.919368,37.47206,126.919594,37.471637,126.919664,37.471493,126.91969,37.471414,126.919718,37.471258,126.91974,37.47107,126.91974,37.470901,126.91976,37.470656,126.91985,37.470067,126.919936,37.469752,126.919959,37.469658,126.919967,37.469598,126.919968,37.469423,126.91996,37.469358,126.919935,37.469229,126.919902,37.4691,126.919828,37.468864,126.919809,37.46878,126.919804,37.468708,126.919807,37.468647,126.919815,37.468573,126.919841,37.468488,126.919889,37.468389,126.920064,37.46817,126.92019,37.467979,126.920303,37.46771,126.920364,37.467556,126.920405,37.467446,126.920426,37.467337,126.920433,37.467271,126.920421,37.467173,126.920407,37.467102,126.920327,37.466852,126.920047,37.466164,126.919905,37.465858,126.919854,37.465766,126.919716,37.465581,126.919436,37.465226
2:126.919664,37.465113,126.919947,37.46547,126.920094,37.465668,126.920155,37.465778,126.920302,37.466094,126.920586,37.466792,126.920672,37.46706,126.920688,37.467147,126.920704,37.46727,126.920693,37.467362,126.920669,37.467492,126.920621,37.467619,126.920559,37.467776,126.920439,37.468062,126.920297,37.468277,126.920131,37.468486,126.920098,37.468552,126.920082,37.468607,126.920076,37.46866,126.920074,37.468706,126.920078,37.468756,126.920092,37.46882,126.920165,37.469053,126.9202,37.469192,126.920228,37.469332,126.920237,37.469414,126.920236,37.469609,126.920226,37.46969,126.9202,37.469795,126.920116,37.470102,126.920028,37.470676,126.92001,37.470908,126.920009,37.471079,126.919986,37.471283,126.919954,37.471456,126.919921,37.471558,126.919844,37.471717,126.919617,37.472144,126.919389,37.472574,126.9192,37.472809,126.918986,37.473046
2:126.919435,37.465226,126.919142,37.464848,126.919074,37.464737,126.919027,37.464617,126.919025,37.464547,126.919033,37.464476,126.919064,37.464277,126.919066,37.464232,126.919063,37.464203,126.919051,37.464141,126.919003,37.463995,126.918909,37.46372,126.918884,37.463609,126.918863,37.463421,126.918872,37.463046,126.918886,37.462634,126.918881,37.462288,126.918877,37.461698,126.918905,37.461385,126.918928,37.460993,126.918942,37.460923,126.91898,37.460807,126.919028,37.460721,126.919086,37.460639,126.919145,37.460576,126.919231,37.460512
3:126.919416,37.460668,126.919347,37.46072,126.919312,37.460756,126.919269,37.460817,126.919235,37.460877,126.919207,37.460966,126.919197,37.461015,126.919175,37.461397,126.919147,37.461705,126.91915,37.462286,126.919156,37.462635,126.919141,37.463051,126.919133,37.463413,126.919152,37.46358,126.919172,37.463673,126.919263,37.46394,126.919315,37.464097,126.919331,37.464179,126.919335,37.464228,126.919334,37.464293,126.919301,37.464498,126.919295,37.464554,126.919296,37.464583,126.919325,37.464658,126.919379,37.464745,126.919665,37.465113
2:126.919234,37.460511,126.919373,37.460412,126.91951,37.460336,126.919642,37.460281,126.91978,37.460238,126.919923,37.460209,126.920085,37.460188,126.920292,37.460179,126.920485,37.460196,126.920659,37.460233,126.92073,37.460254,126.920901,37.460316,126.921036,37.460379,126.92214,37.461009,126.923246,37.461651,126.923484,37.461765,126.923561,37.461798,126.923665,37.461824,126.923751,37.461837,126.923847,37.461842,126.923943,37.461833,126.924032,37.461813,126.924117,37.461785,126.924197,37.461743,126.924265,37.461703,126.924315,37.461658,126.924335,37.461628,126.924355,37.461576,126.924363,37.461524,126.924368,37.461354
3:126.924638,37.461359,126.924632,37.46154,126.924619,37.461622,126.924585,37.461709,126.92454,37.461779,126.924448,37.461862,126.924351,37.461919,126.924243,37.461975,126.924123,37.462015,126.923997,37.462044,126.923854,37.462057,126.923717,37.46205,126.923598,37.462032,126.923456,37.461996,126.92335,37.461951,126.923097,37.461829,126.921982,37.461183,126.920888,37.460558,126.920776,37.460505,126.920627,37.460452,126.920577,37.460437,126.920435,37.460407,126.920284,37.460394,126.920114,37.460401,126.919978,37.460418,126.919863,37.460441,126.919755,37.460476,126.91965,37.460519,126.91954,37.46058,126.919413,37.46067
3:126.933851,37.471566,126.933728,37.471351,126.933552,37.471027,126.933109,37.470212,126.93258,37.469252,126.931812,37.467845,126.931524,37.46733,126.931431,37.467136,126.931378,37.466974,126.931329,37.46673
2:126.931595,37.466696,126.931642,37.466931,126.931688,37.467071,126.931773,37.467249,126.932058,37.467759,126.932827,37.469167,126.933356,37.470127,126.933799,37.470942,126.933975,37.471264,126.934097,37.471477
2:126.931328,37.466725,126.931277,37.466356,126.931272,37.466282,126.931268,37.466214,126.931331,37.465435,126.931418,37.464673,126.931455,37.464374,126.931494,37.463981,126.931579,37.463341
2:126.931847,37.463363,126.931762,37.464,126.931724,37.464392,126.931686,37.464693,126.931599,37.465451,126.931538,37.466216,126.931541,37.466272,126.931546,37.466339,126.931596,37.466701
1:126.931579,37.463341,126.93176,37.461945,126.931778,37.461733,126.93179,37.461573,126.931782,37.461462,126.931758,37.461304,126.931678,37.461019,126.931601,37.460812,126.931461,37.460499,126.930863,37.459725,126.930507,37.459265,126.930305,37.459076,126.930156,37.458961,126.929908,37.458829,126.929643,37.458726,126.929081,37.458569,126.928792,37.458523,126.928658,37.458519,126.928526,37.458539,126.928402,37.45857,126.928259,37.458628,126.928138,37.458699,126.928031,37.458791,126.927951,37.458895,126.927899,37.458997,126.927871,37.459088,126.927841,37.459267,126.927821,37.459468,126.927805,37.459574,126.927742,37.459741,126.927681,37.459909,126.927607,37.460054,126.927511,37.460186
1:126.927277,37.460079,126.927364,37.45996,126.927426,37.459839,126.927484,37.459681,126.92754,37.45953,126.927553,37.459447,126.927573,37.459245,126.927606,37.459049,126.927641,37.45893,126.92771,37.458799,126.927814,37.458661,126.927958,37.458539,126.928117,37.458445,126.9283,37.458372,126.928459,37.458331,126.928638,37.458305,126.928823,37.45831,126.929152,37.458362,126.929748,37.458528,126.930043,37.458643,126.930326,37.458794,126.930502,37.458929,126.930725,37.45914,126.931093,37.459613,126.931706,37.460407,126.931858,37.460746,126.931939,37.460965,126.932024,37.461268,126.93205,37.461443,126.93206,37.461573,126.932047,37.461746,126.932029,37.461963,126.931847,37.463363
3:126.927497,37.460202,126.927322,37.460366,126.927201,37.460448,126.926989,37.460554,126.925735,37.461109,126.925252,37.461331,126.925004,37.46141,126.924805,37.461455,126.924508,37.461464
2:126.924498,37.46125,126.924763,37.461242,126.924917,37.461208,126.925134,37.461138,126.925602,37.460923,126.926851,37.46037,126.927041,37.460275,126.927131,37.460215,126.927291,37.460064
