2:126.898316,37.469554,126.898384,37.470361,126.898491,37.471315,126.898504,37.471411
3:126.887753,37.47043,126.889116,37.470387,126.890182,37.470341,126.891662,37.470275,126.892658,37.470239,126.892933,37.470228,126.893647,37.470202,126.89486,37.470009,126.896036,37.469813,126.897815,37.469511,126.898155,37.469457
3:126.887631,37.470501,126.888169,37.469297,126.888959,37.467533,126.889381,37.466587,126.889461,37.466404
1:126.889715,37.466474,126.889635,37.466658,126.889213,37.467604,126.888423,37.469369,126.887885,37.470572
2:126.88392,37.468618,126.883953,37.468627,126.885209,37.468964,126.886495,37.469339
1:126.886402,37.46954,126.88512,37.469166,126.883866,37.46883,126.883833,37.468821
3:126.897707,37.469621,126.89768,37.469197,126.897628,37.468326,126.897603,37.468065,126.897435,37.466615,126.897422,37.466527
1:126.898038,37.466505,126.898185,37.46802,126.898207,37.468291,126.898309,37.469464,126.898316,37.469555
3:126.886321,37.469404,126.887181,37.46744,126.887561,37.466592,126.887753,37.466159
2:126.888007,37.466229,126.887815,37.466664,126.887435,37.467511,126.886576,37.469474
3:126.897902,37.466407,126.898604,37.466399,126.899661,37.466383,126.901043,37.466381,126.901731,37.46637
3:126.901737,37.466584,126.901046,37.466595,126.899664,37.466597,126.898609,37.466613,126.897905,37.466621,126.897556,37.466622
1:126.891795,37.466676,126.890382,37.466685,126.890048,37.46668,126.889854,37.466667,126.889584,37.46664,126.889385,37.466605,126.888691,37.466437,126.888212,37.466311,126.886073,37.465669,126.885946,37.46563
1:126.886045,37.46543,126.88617,37.465469,126.888302,37.466109,126.888773,37.466233,126.889454,37.466398,126.88963,37.466429,126.889883,37.466455,126.890062,37.466467,126.890383,37.466471,126.891793,37.466463
2:126.883822,37.464928,126.880855,37.463291,126.879678,37.462649
2:126.879831,37.462473,126.881008,37.463115,126.88397,37.46475,126.884211,37.464858
1:126.889911,37.457753,126.888535,37.45965,126.88681,37.46178
3:126.886583,37.461665,126.888305,37.459539,126.889677,37.457646
3:126.889727,37.457792,126.888507,37.45724,126.88735,37.456696,126.88677,37.456423,126.886489,37.456294,126.885989,37.456054,126.885671,37.455922
2:126.885796,37.455732,126.886122,37.455868,126.886627,37.45611,126.886906,37.456239,126.887487,37.456512,126.888642,37.457055,126.88986,37.457606
1:126.889674,37.457649,126.889874,37.457347,126.889912,37.45714,126.889956,37.45699,126.890039,37.456769,126.89018,37.456318,126.89021,37.456249,126.891171,37.454634,126.891642,37.453969
3:126.89197,37.45474,126.891963,37.45475499999999,126.891927,37.454958
3:126.893506,37.451993,126.893403,37.452161,126.893373,37.452221,126.893329,37.452311,126.892967,37.45297,126.892948,37.453025,126.892816,37.45334199999999,126.892023,37.454787,126.891917,37.454985
3:126.891916,37.454987,126.891751,37.455277,126.891068,37.456507,126.890906,37.45663199999999,126.890618,37.456825,126.890515,37.45691699999999,126.890437,37.456994,126.890122,37.45743199999999,126.889913,37.457749
2:126.900306,37.454809,126.899814,37.454616,126.899627,37.454537,126.899554,37.454509,126.898203,37.45394,126.897517,37.453657,126.895495,37.452783,126.894827,37.452539,126.893469,37.452087,126.893338,37.452046,126.893046,37.451964
4:126.893434,37.451846,126.89357,37.451889,126.894936,37.452343,126.895616,37.452592,126.897643,37.453468,126.898328,37.453751,126.899676,37.454318,126.899749,37.454347,126.899937,37.454425,126.900412,37.454612,126.90073,37.454673
2:126.899805,37.457538,126.89962,37.458023,126.899336,37.458714,126.899015,37.459474,126.898504,37.460775,126.898111,37.461786,126.898043,37.461959,126.897956,37.462215,126.897822,37.462738,126.897783,37.462931,126.897758,37.463151,126.89774,37.463487,126.897845,37.464722,126.898029,37.466411,126.898038,37.466505
2:126.897422,37.466524,126.897261,37.465049,126.897145,37.463668,126.897153,37.463156,126.897165,37.462964,126.897293,37.462424,126.897393,37.462064,126.897874,37.460763,126.89803,37.460368,126.898391,37.459429,126.898446,37.459289,126.898509,37.459144,126.898909,37.458217,126.899069,37.457804,126.89928,37.457181
2:126.900827,37.454808,126.900571,37.455463,126.899953,37.457118,126.899806,37.457536
3:126.89928,37.457179,126.899321,37.457064,126.900212,37.454767,126.900235,37.454689
2:126.899366,37.457309,126.898726,37.457135,126.897462,37.456816,126.896426,37.456553,126.895081,37.456215,126.894797,37.456134,126.89471,37.456317,126.894498,37.456751,126.894449,37.456827,126.894405,37.456888,126.894279,37.457042,126.893937,37.457375,126.893846,37.45747,126.893737,37.457602,126.893555,37.457902,126.893381,37.458267,126.892982,37.459124,126.892388,37.460345,126.891632,37.462097,126.890442,37.464869,126.890089,37.465616,126.889715,37.466474
2:126.88946,37.466404,126.889835,37.465544,126.890188,37.464797,126.891377,37.462028,126.892135,37.460272,126.89273,37.459048,126.893128,37.458192,126.893307,37.457817,126.893501,37.457496,126.893626,37.457346,126.893725,37.457243,126.894061,37.456916,126.894175,37.456776,126.894212,37.456725,126.894251,37.456663,126.894458,37.45624,126.894639,37.455862,126.895167,37.456012,126.896508,37.456349,126.897544,37.456612,126.89881,37.456932,126.899454,37.457107
1:126.900237,37.454682,126.900643,37.453642,126.901033,37.452587,126.9015,37.451356,126.901954,37.450169,126.902058,37.449897
1:126.882302,37.47223,126.882771,37.471188,126.88326,37.470088,126.883348,37.469891,126.883658,37.469185,126.883732,37.468735,126.88374,37.468706,126.88375,37.468684
2:126.884004,37.468755,126.884,37.468764,126.883998,37.468771,126.883921,37.469235,126.883602,37.469961,126.883514,37.470159,126.883025,37.47126,126.882556,37.472302
1:126.884756,37.472931,126.885213,37.47191,126.885873,37.470393,126.886322,37.469403
2:126.886575,37.469475,126.886127,37.470464,126.885468,37.471981,126.885009,37.473003
1:126.889315,37.461634,126.889918,37.460915,126.890148,37.460639,126.890439,37.460271,126.890847,37.459735,126.891264,37.459135,126.89165,37.458542,126.891961,37.458043,126.892098,37.457798
4:126.89248,37.457934,126.892034,37.458676,126.891646,37.459273,126.891251,37.459833,126.890822,37.460402,126.890221,37.461149,126.889776,37.461684
1:126.892098,37.457798,126.892383,37.457289,126.894008,37.454175,126.894326,37.453541,126.894561,37.453054,126.894952,37.452213,126.896549,37.448623,126.896887,37.447851,126.897742,37.445937,126.898364,37.444528,126.898965,37.443172,126.899196,37.442646,126.899408,37.44213,126.899631,37.441523,126.89976,37.441057,126.899836,37.440745,126.899894,37.440433,126.899942,37.440098,126.899969,37.439767,126.899987,37.439399,126.899983,37.43904,126.899963,37.438723,126.899951,37.438554,126.899896,37.43817,126.899823,37.437759,126.899738,37.437419,126.899618,37.437024,126.899491,37.436668,126.89936,37.43635,126.899211,37.436026,126.899052,37.435714,126.898893,37.435411,126.898554,37.434813
4:126.898945,37.434692,126.899291,37.435304,126.899534,37.435767,126.899767,37.436279,126.899955,37.436745,126.90015,37.437353,126.900273,37.437911,126.900344,37.438361,126.900396,37.438899,126.900398,37.439502,126.90037,37.440029,126.900297,37.440526,126.900206,37.440974,126.900091,37.441399,126.899952,37.441826,126.899777,37.442302,126.899543,37.44285,126.899182,37.443676,126.89806,37.446196,126.897446,37.447591,126.896905,37.448806,126.896482,37.449739,126.896351,37.450056,126.895688,37.451546,126.895054,37.452961,126.894825,37.453434,126.894232,37.454613,126.893171,37.456642,126.892623,37.457687,126.89248,37.457933
1:126.878697,37.470816,126.88027,37.468959,126.881174,37.467905
1:126.881397,37.468025,126.880493,37.469079,126.878921,37.470936
3:126.881208,37.468052,126.87993,37.46733,126.877786,37.466176,126.877019,37.465756
3:126.877172,37.46558,126.877939,37.465999,126.880084,37.467155,126.881364,37.467878
3:126.879867,37.46262,126.878882,37.463787,126.877207,37.465728
3:126.876189,37.460483,126.876649,37.460747,126.8784,37.461712,126.87983,37.462472
3:126.879645,37.462499,126.880143,37.461936,126.88051,37.461491,126.880784,37.461185,126.88231,37.459349
3:126.882535,37.459467,126.881007,37.461306,126.880733,37.461612,126.880366,37.462056,126.879865,37.462622
4:126.88662,37.461811,126.884633,37.460737,126.882347,37.459497
4:126.882499,37.45932,126.884785,37.46056,126.886772,37.461634
4:126.882346,37.459496,126.881587,37.459084,126.879992,37.458212,126.878793,37.457544
3:126.878948,37.457368,126.880146,37.458037,126.88174,37.458907,126.882499,37.45932
2:126.882312,37.459347,126.883567,37.457904,126.883829,37.457626,126.884465,37.456988,126.885076,37.456375,126.885624,37.455765
3:126.885844,37.455889,126.885292,37.456504,126.884676,37.457121,126.884043,37.457756,126.883786,37.458029,126.882533,37.459469
3:126.893044,37.451964,126.892706,37.451864,126.892374,37.451769,126.892078,37.451677,126.8912,37.451407,126.890516,37.451187,126.890021,37.45102,126.889882,37.450969,126.889635,37.450877,126.889435,37.450792
2:126.889561,37.450603,126.889756,37.450686,126.889996,37.450775,126.89013,37.450824,126.890619,37.45099,126.891299,37.451208,126.892176,37.451477,126.89247,37.451569,126.892799,37.451663,126.893136,37.451763,126.89343,37.451845
1:126.881714,37.448643,126.881661,37.449646,126.881649,37.450011,126.88162,37.450943,126.881602,37.453602,126.881597,37.453752,126.881583,37.453905,126.881529,37.454179
2:126.881263,37.454146,126.881315,37.453881,126.881328,37.453742,126.881333,37.453599,126.881351,37.45094,126.88138,37.450006,126.881392,37.449639,126.881444,37.448634
2:126.883579,37.455006,126.883832,37.454541,126.883881,37.454464,126.883927,37.4544,126.884004,37.454319,126.884037,37.454279,126.884129,37.454133,126.884163,37.45407,126.884188,37.454016,126.884218,37.453946,126.884256,37.453851,126.884296,37.453765,126.884372,37.453623,126.884413,37.45355,126.884456,37.453491,126.884504,37.453436,126.884569,37.453365,126.884623,37.453286,126.884695,37.453171,126.884744,37.45308,126.884768,37.453026,126.884788,37.45297,126.884815,37.452908,126.884981,37.45262
4:126.885226,37.452709,126.885065,37.452988,126.885045,37.453033,126.885026,37.453089,126.884996,37.453158,126.884939,37.453261,126.884862,37.453384,126.884798,37.453479,126.884724,37.45356,126.884684,37.453606,126.884653,37.453648,126.884619,37.453709,126.884547,37.453844,126.884511,37.453921,126.884474,37.454012,126.884443,37.454087,126.884414,37.454149,126.884373,37.454224,126.88427,37.454387,126.884224,37.454442,126.884152,37.454518,126.884118,37.454565,126.884076,37.454632,126.883826,37.455091
1:126.885675,37.455923,126.884377,37.455424,126.883644,37.455145
1:126.883761,37.454952,126.884494,37.455231,126.885793,37.455731
1:126.885617,37.455774,126.885832,37.455481,126.886083,37.455142,126.886422,37.454673,126.887222,37.453587
2:126.887455,37.453695,126.886655,37.454781,126.886316,37.455249,126.886064,37.455589,126.88585,37.455881
4:126.885168,37.452571,126.886417,37.45312,126.887403,37.453547
3:126.887274,37.453735,126.886287,37.453308,126.885038,37.452758
3:126.892855,37.445906,126.891421,37.448018,126.889986,37.450191,126.889737,37.450574,126.889616,37.450749
1:126.88938,37.450646,126.889499,37.450473,126.889747,37.450092,126.891183,37.447918,126.892618,37.445805
1:126.889615,37.450751,126.889509,37.450897,126.889081,37.451479,126.888345,37.452474,126.887596,37.453509,126.887454,37.453696
3:126.887223,37.453586,126.887363,37.453401,126.888112,37.452366,126.888849,37.451371,126.889276,37.450789,126.889381,37.450644
2:126.889438,37.450793,126.889236,37.450713,126.887832,37.450198,126.886573,37.449725,126.885609,37.449392,126.884771,37.449148,126.8841,37.449008,126.883968,37.448995,126.8837,37.448965
1:126.883737,37.448753,126.884004,37.448783,126.884152,37.448798,126.884851,37.448944,126.885709,37.449193,126.886685,37.44953,126.887947,37.450005,126.889353,37.45052,126.889558,37.450602
3:126.883853,37.44886,126.88385,37.449045,126.883848,37.450008,126.883862,37.45077,126.88388,37.450981,126.883918,37.451199,126.883975,37.451372,126.884024,37.451484,126.884102,37.451632,126.884279,37.451888,126.884481,37.452127,126.884645,37.452269,126.884881,37.452429,126.885174,37.452574
3:126.885032,37.452756,126.884721,37.452602,126.884458,37.452424,126.884268,37.45226,126.884049,37.451999,126.883859,37.451725,126.883772,37.45156,126.883717,37.451434,126.883653,37.451241,126.883611,37.451002,126.883593,37.450779,126.883579,37.450009,126.883581,37.449043,126.883583,37.448858
3:126.879724,37.456476,126.879847,37.456539,126.879902,37.45656,126.879932,37.456568,126.879941,37.456569,126.879954,37.456567,126.879969,37.45656,126.880222,37.456438,126.880448,37.456378,126.880995,37.456242,126.881104,37.45622,126.881238,37.4562,126.881382,37.456205,126.881487,37.456204,126.881844,37.45624,126.882098,37.456255,126.882215,37.456251,126.882317,37.456242,126.882428,37.456228,126.882489,37.456211,126.882554,37.456177,126.882681,37.4561,126.883031,37.45585,126.883137,37.455761,126.883207,37.45567,126.883268,37.455585,126.883578,37.455007
1:126.883826,37.45509,126.88351,37.45568,126.883439,37.455778,126.883353,37.455892,126.883219,37.456004,126.882854,37.456264,126.882711,37.456351,126.882611,37.456404,126.882494,37.456437,126.882351,37.456454,126.882236,37.456464,126.882094,37.456469,126.881817,37.456453,126.881472,37.456418,126.881378,37.456419,126.881258,37.456415,126.881162,37.456429,126.881069,37.456448,126.880531,37.456581,126.880336,37.456633,126.880106,37.456745,126.88005,37.45677,126.879948,37.456786,126.879871,37.456777,126.8798,37.456759,126.879715,37.456725,126.879579,37.456657
2:126.883645,37.455145,126.882888,37.45486,126.881725,37.454396,126.881341,37.45426
3:126.881451,37.454065,126.88184,37.454202,126.883006,37.454668,126.88376,37.454952
2:126.881528,37.454183,126.881484,37.454364,126.881426,37.454522,126.881348,37.454672,126.881229,37.454865,126.881111,37.455015,126.880048,37.456285,126.879763,37.456627,126.879452,37.45698,126.879365,37.45708,126.879337,37.45711,126.878981,37.457517
1:126.87876,37.457395,126.879117,37.456986,126.879146,37.456955,126.879231,37.456858,126.87954,37.456507,126.879824,37.456167,126.880884,37.4549,126.880993,37.454761,126.881102,37.454584,126.881171,37.454451,126.881222,37.454313,126.881264,37.454142
1:126.892967,37.451821,126.893006,37.451749,126.893047,37.451711,126.893093,37.45168,126.893147,37.45165,126.893184,37.451623,126.893211,37.451596,126.893233,37.451568,126.893259,37.451524,126.893279,37.451489,126.893298,37.451443,126.893329,37.451357,126.893345,37.451285,126.893357,37.451167,126.893354,37.451099,126.893346,37.450965,126.893348,37.450918,126.893376,37.450841,126.894097,37.44916,126.894967,37.447333,126.895147,37.447067
3:126.89552,37.447333,126.893959,37.451016,126.893845,37.451284,126.893668,37.45168,126.893605,37.451833,126.893506,37.451993
2:126.883988,37.46877899999999,126.883682,37.46913899999999,126.883531,37.46928599999999,126.883414,37.46923999999999,126.883424,37.46923999999999,126.883481,37.46922899999999,126.883494,37.46922,126.883184,37.46963,126.882948,37.46994399999999,126.882637,37.470302
2:126.885994,37.466151,126.884482,37.467943,126.883883,37.468639,126.883553,37.469035,126.883219,37.46943,126.883066,37.469627,126.882941,37.46980599999999,126.882889,37.469918,126.882844,37.47,126.882794,37.470097,126.882727,37.470193,126.882639,37.4703
2:126.882637,37.470302,126.882554,37.470398,126.882363,37.470623,126.882152,37.47087,126.881826,37.471234,126.881791,37.47126999999999,126.881677,37.471368,126.881452,37.471555,126.881322,37.471673,126.881214,37.47178699999999,126.880907,37.472135,126.880726,37.47235,126.880666,37.472425,126.880352,37.472819,126.880276,37.47292,126.880065,37.473199,126.879975,37.473323,126.879748,37.473655,126.879575,37.473908,126.879282,37.474362,126.879117,37.474628,126.878995,37.474822
4:126.876979,37.477224,126.877448,37.476499,126.877743,37.476037,126.878292,37.475183,126.878527,37.474804,126.878791,37.474384,126.879133,37.473846,126.879418,37.473439,126.879697,37.47307,126.880047,37.472617,126.880364,37.472214,126.880631,37.471892,126.880841,37.471653,126.881173,37.471255,126.881462,37.470879,126.881686,37.470612,126.881852,37.470427,126.881968,37.470298,126.882078,37.470184,126.882214,37.470036,126.8825,37.46971,126.882625,37.469565,126.882897,37.469246,126.883065,37.469049,126.88323,37.46885,126.883512,37.46852,126.88383,37.468148,126.884263,37.46764,126.884519,37.467343
3:126.889775,37.461685,126.88964,37.461845,126.889556,37.461941,126.888865,37.462756,126.888606,37.463068,126.888424,37.463282,126.888229,37.463518,126.887784,37.464048,126.887443,37.464457,126.887031,37.464943,126.886602,37.465453,126.886231,37.465875,126.885994,37.466152
4:126.884519,37.467343,126.884843,37.466959,126.885052,37.466718,126.885192,37.466551,126.88567,37.465983,126.886108,37.465459,126.886248,37.465292,126.886638,37.464827,126.887153,37.464218,126.887656,37.463616,126.887967,37.463249,126.888488,37.462612,126.889315,37.461634
4:126.892952,37.452996,126.892904,37.453052,126.892778,37.453169,126.892683,37.453301,126.892603,37.453412,126.892047,37.454469,126.891911,37.454714,126.891747,37.455008,126.891727,37.455056,126.891707,37.455105,126.891592,37.45529,126.891334,37.455675,126.891168,37.455939,126.891109,37.456041,126.89104,37.45617,126.890965,37.456374,126.89092,37.456521,126.890901,37.456648,126.890885,37.456787,126.890878,37.456897,126.890883,37.457039,126.890897,37.457178,126.890929,37.457302,126.890953,37.457396,126.891003,37.457544,126.891053,37.457677,126.891282,37.458276,126.891356,37.45848,126.89142,37.458689,126.891458,37.45887,126.891472,37.458962,126.891482,37.45906,126.891486,37.459144,126.891486,37.459261,126.891471,37.459409,126.891457,37.459488,126.891437,37.459581,126.891417,37.459656,126.891394,37.459725,126.89136,37.459807,126.891325,37.459877,126.891292,37.459937,126.891243,37.460021,126.891217,37.460059,126.891175,37.460124,126.891104,37.460218,126.890916,37.46046,126.890767,37.460648,126.890623,37.460825,126.890472,37.461,126.890328,37.461153,126.890212,37.461267,126.89005,37.461431,126.889985,37.461502,126.889965,37.461522,126.889937,37.461548,126.889763,37.461698
1:126.891933,37.45349499999999,126.892918,37.451896,126.892971,37.451815
1:126.891955,37.45346899999999,126.891995,37.45343499999999,126.892254,37.45324,126.892492,37.453046,126.892561,37.45298499999999,126.892585,37.452956,126.892641,37.452851,126.893134,37.45194
1:126.889304,37.461651,126.889442,37.4614,126.88961,37.461182,126.88977,37.46095199999999,126.889861,37.460829,126.890176,37.46042599999999,126.890392,37.460148,126.890699,37.45973099999999,126.890847,37.459527,126.8909,37.459431,126.890959,37.459322,126.890975,37.459276,126.890996,37.459194,126.891017,37.459114,126.891024,37.459068,126.891025,37.458981,126.891026,37.458937,126.89102,37.458839,126.89099,37.458705,126.890976,37.458661,126.890929,37.458529,126.890713,37.457965,126.890617,37.457709,126.890568,37.457568,126.890523,37.457418,126.890491,37.457284,126.890471,37.457155,126.890458,37.457,126.890457,37.456855,126.890464,37.456712,126.890485,37.456571,126.89052,37.456387,126.890606,37.456141,126.890682,37.455973,126.890751,37.455836,126.891225,37.455142,126.89138,37.454908,126.891474,37.45445,126.891632,37.453983,126.891933,37.453495
1:126.884505,37.467364,126.884678,37.467009,126.885317,37.466243,126.885553,37.465919,126.885567,37.465893,126.885576,37.465817,126.885566,37.465768,126.885533,37.465715,126.885432,37.465651,126.884662,37.46526
3:126.88595,37.465631,126.885568,37.465522,126.884689,37.46527
1:126.884781,37.465069,126.885659,37.465321,126.886041,37.465429
3:126.884683,37.465268,126.884339,37.465155,126.884301,37.465143,126.884078,37.465044,126.883832,37.464933
1:126.88421,37.464857,126.884419,37.46495,126.884443,37.464958,126.884786,37.465071
1:126.891388,37.454896,126.891678,37.454412,126.89226,37.453348,126.89263,37.45265,126.892788,37.452351,126.892967,37.452021,126.893099,37.451735,126.893332,37.451226,126.893399,37.451007,126.893602,37.450538,126.893941,37.449738,126.894249,37.449068,126.895139,37.447082
1:126.895514,37.447345,126.895316,37.447678,126.894583,37.449154,126.894378,37.449612,126.8939,37.450753,126.893532,37.451618,126.893438,37.451846,126.893201,37.452372,126.892896,37.45301,126.892527,37.453722,126.892045,37.454592,126.891963,37.454753,126.891699,37.455118
1:126.890047,37.45675,126.890114,37.456641,126.890231,37.456434,126.890484,37.455985,126.89104,37.455128,126.891393,37.454572,126.892005,37.453495,126.892578,37.452571,126.892755,37.452272,126.893198,37.451406,126.8933,37.45119,126.893404,37.450995
3:126.897558,37.466622,126.896813,37.466629,126.896048,37.466639,126.89591,37.466641,126.89472,37.466639,126.893355,37.466657,126.892892,37.466659,126.892559,37.466663,126.89185,37.466674,126.891802,37.466676
3:126.891785,37.466463,126.891839,37.46646,126.892554,37.46645,126.892889,37.466445,126.893352,37.466443,126.894718,37.466425,126.895908,37.466427,126.896044,37.466425,126.896809,37.466415,126.897555,37.466408,126.897903,37.466407
3:126.882143,37.467199,126.881395,37.468027
1:126.881176,37.467903,126.881924,37.467075
2:126.885734,37.463065,126.884177,37.464947,126.882143,37.467199
1:126.881924,37.467075,126.883954,37.464826,126.885509,37.462947,126.885703,37.462717
1:126.885703,37.462718,126.886584,37.461663
1:126.886809,37.461782,126.885927,37.462836,126.885733,37.463066




