3:126.94895,37.492156,126.950202,37.491863,126.950562,37.491763,126.950765,37.491673,126.951292,37.491358,126.951516,37.491242,126.95191,37.490976,126.952284,37.490665,126.952748,37.490246,126.953006,37.490064,126.953241,37.489934,126.953433,37.489867
1:126.982962,37.470026,126.982883,37.470016,126.981678,37.469787,126.980887,37.469643,126.979956,37.469428,126.979092,37.469257,126.977724,37.468978,126.975743,37.468556,126.974785,37.468384,126.973643,37.468156,126.972784,37.468006,126.972025,37.467886,126.97134,37.46775,126.97048,37.467635,126.969911,37.46759,126.969297,37.467562,126.968598,37.467566,126.967886,37.467606,126.967245,37.46768,126.96655,37.467831,126.965729,37.468028,126.965016,37.468248,126.964304,37.468547,126.963813,37.468768,126.963179,37.469101,126.962584,37.469423,126.961719,37.469897,126.960865,37.470297,126.960291,37.470561,126.959503,37.470842,126.958808,37.471051,126.958073,37.471239,126.957426,37.471382,126.956898,37.471452,126.956361,37.471533,126.955607,37.471583,126.954898,37.471618,126.954321,37.471603,126.953502,37.471524,126.952909,37.471439,126.952428,37.471348,126.951981,37.471251,126.951298,37.47107,126.950907,37.470952,126.950286,37.470725,126.949671,37.470459,126.948775,37.469979
1:126.949324,37.469663,126.950042,37.470017,126.950975,37.470341,126.951846,37.470581,126.952398,37.470717,126.952817,37.470799,126.953226,37.470865,126.953821,37.470947,126.954271,37.470984,126.954669,37.471004,126.954964,37.471012,126.955464,37.47101,126.955918,37.47099,126.956332,37.470959,126.956839,37.470899,126.95795,37.47071,126.958346,37.470603,126.958806,37.470466,126.959237,37.470329,126.959667,37.470178,126.960308,37.469876,126.961237,37.469393,126.962342,37.468805,126.963152,37.468369,126.96378,37.468063,126.964438,37.467795,126.965083,37.467565,126.965825,37.467347,126.966431,37.467208,126.967006,37.467107,126.967592,37.467028,126.968088,37.466981,126.968846,37.466939,126.969538,37.466948,126.970211,37.466981,126.970939,37.467073,126.971616,37.467165,126.972418,37.467332,126.973282,37.467518,126.974077,37.467668,126.975482,37.467968,126.979616,37.468819,126.980898,37.469082,126.982445,37.469363,126.983229,37.469494,126.983626,37.469569,126.984795,37.469816,126.985069,37.469838
3:126.956011,37.485731,126.9559,37.485599,126.955769,37.48544,126.955162,37.484713,126.954411,37.483812,126.954307,37.483693,126.954136,37.483496,126.953967,37.483298,126.95297,37.482146
2:126.953359,37.481979,126.953538,37.482176,126.954479,37.483235,126.954637,37.483414,126.954796,37.483597,126.954852,37.483663,126.956043,37.485106,126.95615,37.485235,126.956278,37.485393,126.956336,37.485468
3:126.953197,37.481943,126.95392,37.481701,126.954082,37.481631,126.954483,37.481414,126.955055,37.481094,126.955534,37.480797,126.955589,37.480693,126.955636,37.480511,126.955678,37.480208,126.9557,37.479995
3:126.955969,37.480013,126.955946,37.480228,126.955903,37.480544,126.955848,37.480757,126.955756,37.480932,126.955215,37.481266,126.954637,37.48159,126.954223,37.481814,126.954037,37.481894,126.953297,37.482141,126.953123,37.482187
1:126.952657,37.481096,126.952778,37.481056,126.953103,37.480946,126.953339,37.480841,126.954162,37.480516,126.955639,37.479963,126.955773,37.479908
3:126.955866,37.480316,126.955821,37.480332,126.953547,37.481224,126.953135,37.481392,126.952964,37.481456,126.952934,37.481464
3:126.952639,37.481414,126.952577,37.481218,126.952483,37.480837,126.952432,37.480329,126.952411,37.480198,126.952264,37.479284,126.952214,37.478882,126.952187,37.478708
4:126.952454,37.478682,126.952482,37.478859,126.952532,37.47926,126.952679,37.480171,126.952699,37.480295,126.952758,37.48045,126.952856,37.480769,126.952962,37.48113
1:126.955775,37.479908,126.95582,37.47989,126.95749,37.479224,126.957573,37.479194,126.957643,37.47917,126.958579,37.478812,126.959786,37.47833
2:126.960019,37.478706,126.958801,37.47918,126.957857,37.479542,126.957806,37.479559,126.957719,37.479593,126.957675,37.47961,126.956543,37.480062,126.956021,37.48026,126.955867,37.480315
3:126.952339,37.478801,126.951456,37.4789,126.950609,37.478974,126.950177,37.479014,126.949918,37.479049,126.948737,37.479172,126.947337,37.479303,126.945915,37.479443,126.945522,37.479481,126.945202,37.479512,126.944484,37.479581,126.943806,37.479644,126.943137,37.479716,126.942472,37.479764,126.942314,37.479765,126.942093,37.479717,126.941904,37.479654,126.941808,37.47961,126.941543,37.47946,126.941497,37.47943,126.940927,37.4791,126.939926,37.478506,126.93957,37.478297,126.93946,37.478225,126.938942,37.477908,126.938376,37.477515,126.938201,37.47741,126.937998,37.477362,126.937822,37.477327,126.937709,37.477313,126.937551,37.477266,126.937424,37.477223,126.937313,37.477184,126.937146,37.477106,126.936732,37.47691,126.936576,37.476835
3:126.936716,37.476652,126.936871,37.476727,126.937284,37.476922,126.937436,37.476994,126.937531,37.477027,126.937652,37.477067,126.937779,37.477105,126.937876,37.477118,126.938069,37.477156,126.938325,37.477216,126.938546,37.477349,126.939113,37.477743,126.939628,37.478058,126.939736,37.478128,126.940087,37.478335,126.941087,37.478928,126.941662,37.479261,126.941707,37.47929,126.941954,37.47943,126.942024,37.479462,126.94218,37.479514,126.942349,37.479551,126.94246,37.47955,126.943107,37.479503,126.943772,37.479432,126.944452,37.479368,126.94517,37.479299,126.94549,37.479269,126.945882,37.47923,126.947304,37.479091,126.948703,37.478959,126.949878,37.478838,126.950139,37.478803,126.950579,37.478762,126.951422,37.478688,126.952302,37.478589
1:126.959787,37.47833,126.959907,37.478283,126.960036,37.478232,126.961006,37.477853,126.962236,37.47738
2:126.962459,37.477739,126.961696,37.478047,126.96124,37.478226,126.96002,37.478706
3:126.952958,37.48213,126.952913,37.482051,126.952785,37.48181,126.952741,37.481718,126.95264,37.481416
3:126.952962,37.481131,126.953022,37.481337,126.953111,37.481598,126.953153,37.481673,126.953242,37.481811,126.953367,37.481989
2:126.934715,37.486291,126.935752,37.485868,126.936078,37.485726,126.936683,37.485476,126.937515,37.485106,126.938303,37.484749,126.938642,37.484609,126.939213,37.484349,126.939658,37.484151,126.941091,37.48353,126.9415,37.483356,126.942003,37.483188,126.942265,37.483131,126.943074,37.483032,126.943601,37.482973,126.945029,37.48284,126.946427,37.482714
1:126.946458,37.482927,126.94506,37.483053,126.943636,37.483185,126.943113,37.483243,126.942321,37.483341,126.942091,37.483391,126.941616,37.483549,126.94122,37.483718,126.939788,37.484338,126.939346,37.484535,126.938771,37.484796,126.938432,37.484937,126.937648,37.485292,126.936811,37.485664,126.936205,37.485915,126.935878,37.486057,126.934838,37.486481
3:126.946426,37.482714,126.94658,37.482699,126.946763,37.482683,126.947853,37.482576,126.949278,37.482434,126.950683,37.482292,126.951819,37.482177,126.952499,37.482087,126.953003,37.48199,126.953044,37.481983,126.953207,37.48194
1:126.953111,37.48219,126.953065,37.482198,126.952553,37.482296,126.951859,37.482389,126.950717,37.482504,126.949312,37.482646,126.947886,37.482788,126.946795,37.482895,126.946612,37.482912,126.946459,37.482927
1:126.933961,37.484603,126.934061,37.484614,126.934304,37.484642,126.934391,37.484652,126.934802,37.484677,126.935099,37.484683,126.93539,37.484675,126.935691,37.484647,126.935859,37.484625,126.936043,37.484592,126.936286,37.484528,126.936496,37.484466,126.936978,37.484259,126.937015,37.484242,126.937782,37.483899,126.939021,37.483334,126.939083,37.483306,126.940491,37.482684,126.940818,37.482544,126.941082,37.48245,126.941325,37.482372,126.941961,37.482222,126.942284,37.482174,126.943374,37.482044,126.943458,37.482034,126.944861,37.481895,126.946284,37.481746
1:126.946346,37.482154,126.944921,37.482282,126.94365,37.482409,126.943527,37.482422,126.943442,37.482432,126.942353,37.48255,126.942082,37.482597,126.941452,37.482741,126.941261,37.482799,126.940728,37.48303,126.939327,37.483653,126.937978,37.484272,126.937213,37.484605,126.937174,37.484623,126.936662,37.484814,126.936443,37.484887,126.936151,37.484963,126.935946,37.484999,126.93576,37.485029,126.935391,37.485058,126.935106,37.485072,126.934782,37.485066,126.934193,37.485022
2:126.946287,37.481745,126.94764,37.481627,126.94769,37.481622,126.947734,37.481617,126.94912,37.481475,126.950546,37.481342,126.951816,37.481231,126.952077,37.481208,126.952321,37.481168,126.952584,37.481111,126.952631,37.4811,126.952675,37.481091
1:126.952926,37.481466,126.952802,37.481492,126.95267,37.481515,126.952461,37.481542,126.951885,37.481622,126.950602,37.481726,126.949184,37.481865,126.947795,37.482013,126.947748,37.482019,126.947697,37.482024,126.947381,37.482055,126.946347,37.482154
3:126.946435,37.481839,126.946465,37.482036,126.946558,37.482654,126.946563,37.482689,126.946577,37.482811
3:126.946308,37.48283,126.946295,37.482712,126.94629,37.48268,126.946197,37.482061,126.946168,37.481864
3:126.946576,37.482808,126.946598,37.482958,126.946668,37.483433,126.946886,37.48472,126.947055,37.486033,126.947108,37.486782,126.947117,37.486916
3:126.946847,37.486927,126.946839,37.486793,126.946786,37.48605,126.946618,37.484745,126.946401,37.483459,126.94633,37.482983,126.946308,37.482832
3:126.9557,37.479995,126.955734,37.479683,126.955796,37.479384,126.955878,37.479252,126.956011,37.479153,126.957139,37.478712,126.957477,37.478582,126.958272,37.478294,126.95845,37.478224,126.959477,37.477825
3:126.959595,37.478017,126.958568,37.478416,126.958387,37.478487,126.957592,37.478775,126.957258,37.478905,126.956166,37.479331,126.956099,37.479382,126.956056,37.47945,126.956001,37.47971,126.955969,37.480013
1:126.956335,37.485467,126.956454,37.485617,126.957037,37.48637,126.957131,37.486474,126.957202,37.486558,126.957884,37.487341,126.957968,37.487447,126.958046,37.487566,126.958164,37.487808,126.958203,37.487926,126.958227,37.488042,126.958234,37.488118,126.958236,37.48819,126.958229,37.488284,126.95821,37.488426,126.958169,37.488597,126.958104,37.488752,126.958022,37.488882,126.957725,37.489282,126.95728,37.489925,126.957116,37.490147,126.956824,37.49061,126.95671,37.490797,126.956667,37.490875,126.956626,37.490953,126.956572,37.491066,126.95655,37.491133
2:126.95616,37.490876,126.95625,37.490708,126.956377,37.490496,126.95642,37.490431,126.956669,37.490022,126.956831,37.489791,126.957337,37.489073,126.957474,37.488886,126.957563,37.488757,126.95762,37.488675,126.957661,37.488606,126.9577,37.48852,126.957733,37.488428,126.957752,37.488327,126.957769,37.488191,126.957764,37.488078,126.957722,37.487936,126.9576,37.487687,126.957551,37.487617,126.9575,37.487541,126.957372,37.487371,126.956859,37.486762,126.956666,37.486532,126.95601,37.48573
2:126.956187,37.485766,126.956133,37.485789,126.956053,37.485808,126.955803,37.485853,126.955016,37.485986,126.954425,37.486088,126.953867,37.48619,126.952663,37.486396,126.952297,37.48646
3:126.952239,37.486251,126.952606,37.486187,126.953808,37.485981,126.954366,37.485879,126.954959,37.485777,126.955745,37.485644,126.955985,37.485601,126.956029,37.485591,126.95606,37.485578
3:126.952286,37.486461,126.951733,37.486519,126.951544,37.486539,126.950716,37.486621,126.949719,37.486724,126.948862,37.486814,126.947747,37.48694,126.947608,37.486958,126.947001,37.487027
1:126.946963,37.486816,126.947567,37.486746,126.947706,37.486729,126.948826,37.486602,126.949684,37.486512,126.950682,37.486409,126.951509,37.486327,126.951697,37.486307,126.952251,37.486249
4:126.95351,37.489859,126.953714,37.489887,126.95383,37.48991,126.95407,37.489992,126.954299,37.490141,126.954485,37.490266,126.954632,37.490337,126.954735,37.490358,126.955106,37.490418,126.955518,37.490502,126.955687,37.490553,126.956097,37.490715,126.956192,37.490757,126.956348,37.490823
2:126.953354,37.489979,126.953332,37.489853,126.95326,37.489689,126.952892,37.489246,126.952844,37.48916,126.952799,37.488993,126.952731,37.488795,126.952592,37.488621,126.952281,37.488398,126.952134,37.488261,126.951844,37.487812
3:126.952083,37.487714,126.95236,37.488141,126.952475,37.488249,126.9528,37.488481,126.952981,37.488708,126.953061,37.488942,126.953102,37.489094,126.95313,37.489144,126.953503,37.489593,126.953595,37.489802,126.953621,37.48995
3:126.951831,37.487745,126.951903,37.487415,126.952,37.48714,126.952104,37.486788,126.952153,37.486603,126.952147,37.486491,126.952134,37.486364
2:126.952403,37.486347,126.952416,37.486478,126.952423,37.48662,126.952367,37.486834,126.952261,37.487193,126.952167,37.487462,126.952096,37.487781
3:126.941678,37.490978,126.941945,37.490635,126.942074,37.490382,126.942094,37.490321,126.942117,37.490149,126.942107,37.490077,126.942014,37.489806,126.941941,37.489531,126.941836,37.489256,126.941734,37.489002,126.941655,37.488896,126.941593,37.48884,126.941512,37.488779,126.94147,37.488751,126.941035,37.488511,126.940543,37.488212,126.940212,37.487951,126.940093,37.487819,126.939408,37.48701,126.939346,37.486924,126.939315,37.486873,126.939283,37.486798,126.939237,37.486492,126.939218,37.486222
3:126.939487,37.48621,126.939505,37.486473,126.939547,37.48675,126.939565,37.486792,126.939584,37.486824,126.939637,37.486896,126.940315,37.487697,126.940418,37.487812,126.940721,37.48805,126.941194,37.488338,126.941634,37.488581,126.941692,37.48862,126.941787,37.488692,126.941874,37.488769,126.941981,37.488914,126.942093,37.489192,126.942203,37.489478,126.942277,37.489756,126.942372,37.490037,126.942388,37.490149,126.94236,37.49036,126.94233,37.490449,126.942186,37.490732,126.941907,37.49109
3:126.94504,37.490297,126.945575,37.489653,126.945868,37.489298,126.945882,37.489273,126.946017,37.489016,126.946178,37.48856,126.946378,37.487838,126.946413,37.487704,126.946473,37.487531,126.946719,37.487109,126.946832,37.486949,126.946844,37.486926,126.94685,37.486901
1:126.947114,37.486942,126.947103,37.486986,126.947076,37.487041,126.946959,37.487206,126.946727,37.487605,126.946675,37.487755,126.946641,37.487883,126.946439,37.488611,126.946272,37.489086,126.946129,37.489359,126.946104,37.489402,126.945801,37.489771,126.945265,37.490415
2:126.939343,37.486109,126.940641,37.486036,126.941589,37.48599,126.941932,37.485993,126.94259,37.486122,126.943285,37.486308,126.944029,37.486522,126.944382,37.486635,126.944657,37.486711,126.944948,37.48679,126.945391,37.486892,126.945593,37.486925,126.945907,37.486928,126.946964,37.486816
2:126.947,37.487028,126.945924,37.487142,126.945564,37.487139,126.945326,37.487099,126.944867,37.486994,126.944569,37.486913,126.944287,37.486835,126.943933,37.486722,126.943195,37.48651,126.942514,37.486327,126.941898,37.486206,126.941596,37.486204,126.940659,37.48625,126.939362,37.486323
2:126.959478,37.477825,126.960713,37.477354,126.961926,37.476874,126.962548,37.47663,126.963136,37.476396,126.96437,37.475922,126.965295,37.475549,126.965462,37.475473,126.965537,37.475431
3:126.965693,37.475605,126.965608,37.475653,126.965423,37.475737,126.96449,37.476113,126.963255,37.476588,126.962668,37.476821,126.962046,37.477066,126.960831,37.477547,126.959594,37.478017
3:126.941386,37.471006,126.9408,37.47094,126.940124,37.470869,126.939806,37.470852,126.939746,37.470854,126.939463,37.470863,126.939277,37.470881,126.938973,37.470919,126.938877,37.470929,126.937918,37.471042,126.937817,37.471052,126.937732,37.471063,126.936898,37.471155,126.936825,37.471164,126.93628,37.47123,126.935834,37.471289,126.935632,37.471322,126.93537,37.471389,126.935302,37.471408,126.935241,37.471428,126.935025,37.471497,126.934663,37.471662,126.934359,37.471819,126.934264,37.471873
3:126.93391,37.471428,126.93419,37.471307,126.934814,37.471036,126.935057,37.470953,126.935126,37.470935,126.935592,37.470858,126.936732,37.470715,126.936754,37.470712,126.936811,37.470705,126.937655,37.470603,126.937745,37.47059,126.938786,37.470472,126.938841,37.470464,126.938901,37.470455,126.939528,37.470401,126.939752,37.470401,126.939837,37.470402,126.940947,37.470516,126.941447,37.470567
1:126.941449,37.470567,126.942174,37.470651,126.94244,37.470664,126.94259,37.470657,126.942801,37.470625,126.94312,37.470557,126.943331,37.470468,126.943641,37.470287,126.944337,37.469771,126.944533,37.46961,126.944696,37.469479
1:126.944909,37.470023,126.944773,37.470123,126.943963,37.470706,126.943668,37.470873,126.943469,37.470954,126.94325,37.471025,126.943059,37.471063,126.942804,37.471081,126.942423,37.471087,126.942042,37.471068,126.941389,37.471006
1:126.952186,37.478702,126.952147,37.478232,126.952141,37.477729,126.952246,37.477165,126.952342,37.476754,126.952546,37.475694,126.952785,37.474497,126.95288,37.473943,126.952962,37.473484,126.952951,37.472951,126.952943,37.472807,126.952922,37.472682,126.952895,37.472553,126.952723,37.471984,126.952513,37.471441,126.951749,37.469361,126.951531,37.468926,126.951369,37.468725,126.951134,37.468515
2:126.951335,37.468373,126.951584,37.468595,126.951772,37.468827,126.952004,37.469292,126.952771,37.47138,126.952983,37.471927,126.95316,37.47251,126.953189,37.472651,126.953211,37.472788,126.953221,37.472944,126.953231,37.473498,126.953147,37.473972,126.953052,37.474528,126.952812,37.475726,126.952608,37.47679,126.952512,37.4772,126.95241,37.477744,126.952416,37.478224,126.952455,37.478688



