1:126.897179,37.513017,126.897198,37.512985,126.898107,37.511307,126.899058,37.509788,126.899548,37.509087,126.899689,37.508894,126.899839,37.508682
1:126.899783,37.509192,126.899297,37.509887,126.898351,37.511396,126.897443,37.513074,126.897419,37.513113,126.897314,37.513264
2:126.910154,37.510623,126.91021,37.510475,126.910254,37.510359,126.9104,37.510097,126.910409,37.510073,126.910454,37.509941,126.910574,37.509554,126.910705,37.50915,126.910736,37.50901,126.910763,37.508812,126.910786,37.508525,126.910814,37.50785,126.910877,37.506913,126.910915,37.506149,126.910909,37.506051,126.910861,37.505854
3:126.911125,37.505813,126.911177,37.506025,126.911185,37.506148,126.911146,37.506923,126.911083,37.50786,126.911055,37.508535,126.911031,37.508831,126.911002,37.50904,126.910969,37.509194,126.910836,37.509606,126.910715,37.509994,126.910669,37.51013,126.910658,37.510159,126.910592,37.510446,126.910512,37.510709
3:126.901286,37.506776,126.900731,37.506554,126.899984,37.50624,126.89905,37.505833,126.898124,37.505432,126.897889,37.505319
3:126.898028,37.505136,126.898258,37.505246,126.89918,37.505645,126.900112,37.506052,126.900854,37.506364,126.901409,37.506586,126.901509,37.506628
3:126.901228,37.506631,126.90278,37.504295,126.902854,37.504183,126.902896,37.504121
2:126.903223,37.504256,126.901609,37.506705,126.901565,37.506772
3:126.910864,37.505865,126.910699,37.505437,126.910631,37.505309,126.910583,37.505198,126.910197,37.504439,126.910114,37.504278,126.910045,37.504095,126.910025,37.503974,126.910036,37.503831,126.910065,37.503643,126.910138,37.503248,126.910186,37.503016,126.910232,37.502556,126.910209,37.502347,126.91013,37.502074,126.910099,37.50201,126.909731,37.501318,126.909509,37.501035,126.909036,37.500525,126.908972,37.500457,126.90882,37.500297,126.908758,37.500181
2:126.909006,37.500097,126.909055,37.500189,126.909188,37.500329,126.909253,37.500397,126.909733,37.500915,126.909971,37.501219,126.910348,37.501929,126.910389,37.502011,126.910476,37.502314,126.910503,37.502555,126.910454,37.503042,126.910404,37.503281,126.910332,37.503671,126.910304,37.50385,126.910295,37.503967,126.910309,37.50405,126.910369,37.504206,126.910447,37.504358,126.910836,37.505124,126.910883,37.505232,126.910953,37.505365,126.911122,37.505802
2:126.897857,37.505157,126.900359,37.502881
3:126.900562,37.503021,126.89806,37.505298
1:126.902952,37.504265,126.902458,37.504056,126.901525,37.503666,126.901112,37.503485,126.900796,37.503346,126.900646,37.503262,126.900571,37.503215,126.900358,37.503021
2:126.900562,37.502881,126.900758,37.50306,126.900807,37.503091,126.900939,37.503164,126.901242,37.503298,126.901653,37.503477,126.902584,37.503867,126.903078,37.504076,126.903165,37.504112
2:126.902896,37.50412,126.903306,37.50351,126.903485,37.503243,126.903813,37.502753,126.904222,37.502144,126.90457,37.501624,126.904643,37.501515,126.904705,37.501421,126.905396,37.500393,126.905553,37.500157
3:126.905883,37.500299,126.905665,37.500604,126.905027,37.501559,126.904924,37.501712,126.904161,37.502853,126.903945,37.503175,126.903359,37.504052,126.903263,37.504196,126.903222,37.504257
3:126.921679,37.504146,126.921578,37.503907,126.92125,37.503085,126.920831,37.502038,126.9206,37.501458,126.92023,37.500431,126.920119,37.499969,126.920114,37.499929
1:126.920503,37.499892,126.92065,37.500391,126.921729,37.50296,126.922188,37.504069
3:126.90035,37.503013,126.90017,37.502812,126.899763,37.502368,126.89886,37.501326,126.898081,37.500439,126.898059,37.500411,126.897613,37.499964
1:126.897824,37.499831,126.898281,37.500289,126.898307,37.500322,126.899082,37.501205,126.899983,37.502245,126.900388,37.502687,126.90057,37.502889
2:126.900363,37.502877,126.901133,37.50224,126.901323,37.502079,126.901432,37.501989,126.902814,37.500826,126.902979,37.500673,126.903631,37.500148,126.903904,37.499974,126.90418,37.499844,126.904509,37.499753,126.905402,37.499578
2:126.905467,37.499785,126.904585,37.499958,126.904294,37.500039,126.904058,37.50015,126.903812,37.500307,126.903177,37.500818,126.903015,37.500969,126.901627,37.502136,126.901519,37.502226,126.901329,37.502387,126.900557,37.503025
2:126.905763,37.50004,126.906057,37.500055,126.906531,37.50009,126.9066,37.50009,126.907694,37.500065,126.908195,37.500056,126.908876,37.500032
2:126.908888,37.500246,126.908204,37.50027,126.907701,37.500279,126.906605,37.500303,126.906532,37.500304,126.906062,37.500341,126.905773,37.500353
4:126.905545,37.500241,126.90547,37.500065,126.905384,37.499844,126.905378,37.499834,126.90536,37.499803,126.905314,37.499729
2:126.905556,37.499635,126.905603,37.499711,126.905622,37.499744,126.905628,37.499755,126.905785,37.499949,126.905876,37.500101
3:126.908877,37.500032,126.910245,37.499996,126.910639,37.499982,126.910726,37.499977,126.911566,37.499978,126.913133,37.49994,126.913541,37.49994,126.914214,37.499937,126.915273,37.499918,126.915682,37.499902,126.915733,37.499902,126.916086,37.499895,126.916213,37.499891,126.916829,37.499882,126.917162,37.499885,126.918556,37.499861,126.919602,37.499839,126.920243,37.499812,126.920368,37.499809
2:126.920256,37.500026,126.919613,37.500053,126.918563,37.500075,126.917163,37.500098,126.91683,37.500096,126.916221,37.500105,126.916095,37.500108,126.915737,37.500116,126.915689,37.500116,126.915282,37.500132,126.914218,37.50015,126.913541,37.500154,126.913137,37.500154,126.91157,37.500192,126.910735,37.500191,126.910655,37.500196,126.910255,37.50021,126.908886,37.500246
4:126.908757,37.50018,126.908716,37.500101,126.908594,37.499883,126.908405,37.499374
3:126.908664,37.499314,126.908848,37.499809,126.908964,37.500017,126.909006,37.500098
3:126.897592,37.499862,126.897777,37.49945,126.897861,37.499224,126.897966,37.498979,126.898304,37.498235,126.898392,37.498036,126.898841,37.496964,126.899279,37.495946,126.899502,37.495441,126.899626,37.495152,126.8998,37.494793
2:126.900052,37.49487,126.899879,37.495225,126.899757,37.495511,126.899533,37.496016,126.899096,37.497032,126.898647,37.498105,126.898558,37.498307,126.898221,37.49905,126.898118,37.499289,126.898033,37.499516,126.897845,37.499934
3:126.920369,37.499809,126.920941,37.499802,126.92142,37.499799,126.922527,37.499772,126.924075,37.499739,126.925312,37.49971,126.926637,37.499674,126.928196,37.499647
3:126.928202,37.499861,126.926645,37.499888,126.92532,37.499924,126.924083,37.499953,126.922534,37.499986,126.921425,37.500013,126.920944,37.500015,126.920374,37.500023,126.920252,37.500026
2:126.920114,37.499919,126.920115,37.499373,126.920083,37.498712,126.920053,37.49851
4:126.920466,37.498421,126.920501,37.498606,126.920514,37.498732,126.920524,37.499352,126.920512,37.49959,126.920506,37.499918
3:126.905404,37.499578,126.905676,37.499527,126.908517,37.499238
3:126.908552,37.49945,126.905724,37.499737,126.905466,37.499786
1:126.905317,37.499733,126.905189,37.49955,126.90454,37.498644,126.903904,37.497755,126.903806,37.497616,126.903576,37.497379
2:126.903789,37.497248,126.904032,37.497498,126.904139,37.49765,126.904774,37.498538,126.905424,37.499446,126.905553,37.49963
2:126.908517,37.499238,126.909142,37.499172,126.909211,37.499166,126.910035,37.499095,126.91092,37.499037,126.91104,37.499029,126.911725,37.498984,126.912357,37.498953,126.912686,37.498854,126.912769,37.49883,126.913667,37.498518,126.914864,37.49835,126.915314,37.498332,126.91604,37.498302,126.916481,37.49836,126.91686,37.498408,126.917115,37.498457,126.917376,37.498488,126.917876,37.498577,126.91816,37.498644,126.918241,37.498669,126.918581,37.498764,126.918661,37.498778,126.918751,37.498782,126.918773,37.498783,126.918954,37.498788,126.9191,37.498752,126.919489,37.498626,126.920132,37.498399
3:126.920395,37.498532,126.920245,37.498593,126.919595,37.498823,126.919191,37.498954,126.91899,37.499002,126.918756,37.498997,126.918731,37.498995,126.918624,37.49899,126.918507,37.49897,126.918148,37.498869,126.918074,37.498847,126.917808,37.498784,126.917326,37.498699,126.917063,37.498667,126.916807,37.498618,126.916438,37.498571,126.916024,37.498517,126.915328,37.498545,126.914895,37.498563,126.913746,37.498724,126.91287,37.499028,126.912781,37.499054,126.912414,37.499165,126.911744,37.499197,126.911062,37.499242,126.910941,37.49925,126.910061,37.499307,126.90924,37.499379,126.909174,37.499384,126.908552,37.49945
1:126.908404,37.49937,126.908084,37.498346,126.908031,37.498097,126.908038,37.497769,126.908093,37.497366,126.908159,37.496861
2:126.908427,37.496883,126.908361,37.497389,126.908307,37.497782,126.908301,37.498081,126.908348,37.498302,126.908665,37.499318
3:126.904737,37.497079,126.904977,37.497256,126.905254,37.497453,126.90534,37.497492,126.905462,37.497526,126.90552,37.497529,126.905824,37.497515,126.905829,37.497515,126.90617,37.497408,126.906571,37.49724,126.906958,37.497132,126.907304,37.497042,126.907484,37.497032,126.90768,37.497052,126.90791,37.497134,126.90803,37.497236,126.908255,37.497273
4:126.9082,37.497482,126.907891,37.497431,126.90775,37.497312,126.907606,37.49726,126.907476,37.497247,126.907356,37.497254,126.907045,37.497334,126.906679,37.497436,126.906282,37.497602,126.905884,37.497727,126.905837,37.497729,126.905519,37.497744,126.905406,37.497737,126.905227,37.497687,126.905096,37.497628,126.904795,37.497414,126.904554,37.497236
3:126.903591,37.497392,126.903305,37.497182,126.903196,37.497094,126.902872,37.496879,126.901911,37.496212,126.901768,37.496119,126.901577,37.495997,126.901321,37.495839,126.900685,37.495455,126.900446,37.495305,126.900181,37.495138,126.89984,37.494914
3:126.900012,37.494749,126.900351,37.494972,126.900613,37.495137,126.90085,37.495286,126.901485,37.49567,126.901743,37.495829,126.901938,37.495953,126.902086,37.496049,126.903047,37.496717,126.90338,37.496937,126.903493,37.497029,126.903774,37.497235
2:126.917696,37.497129,126.917698,37.497142,126.917698,37.497143,126.917669,37.497108,126.917672,37.49711,126.917807,37.497167,126.917848,37.497205,126.917885,37.497251,126.917918,37.497329,126.917914,37.497406,126.917884,37.497467,126.917779,37.49758,126.917562,37.49756,126.917349,37.497526,126.917253,37.497502,126.917078,37.49745,126.916711,37.497259,126.916619,37.497229,126.916464,37.497201,126.91574,37.49703,126.915167,37.496896,126.914978,37.496864,126.914322,37.4968,126.914148,37.496784,126.913986,37.496769,126.912927,37.496671,126.912757,37.496645,126.912619,37.496623,126.91237,37.496576,126.912131,37.49646,126.911921,37.496328,126.9117,37.496101,126.911556,37.495935,126.911452,37.495795,126.911265,37.495523,126.910777,37.494693,126.910679,37.494513,126.910642,37.494456,126.910533,37.494261,126.910446,37.494129,126.909848,37.49335,126.90983,37.493325,126.909717,37.493171,126.909011,37.492484
2:126.909587,37.492348,126.910024,37.492873,126.910892,37.494009,126.911122,37.494313,126.911183,37.4944,126.911742,37.49533,126.911962,37.495698,126.912114,37.495894,126.912244,37.496032,126.912383,37.496122,126.912555,37.496205,126.912806,37.496274,126.912892,37.496289,126.914309,37.496407,126.915257,37.496522,126.916081,37.496719,126.91652,37.496809,126.916808,37.49687,126.917596,37.497034
2:126.908159,37.49686,126.908209,37.496489,126.908245,37.496209,126.908287,37.495916,126.908389,37.495515,126.908464,37.495187,126.90855,37.494912,126.908585,37.49481,126.908738,37.494325,126.909046,37.493329,126.909143,37.492986
2:126.909547,37.492754,126.909404,37.493041,126.909308,37.493378,126.908999,37.494376,126.908846,37.494864,126.908811,37.494966,126.908728,37.495232,126.908654,37.495555,126.908554,37.49595,126.908513,37.496232,126.908477,37.496511,126.908427,37.496883
3:126.908197,37.496946,126.908033,37.496814,126.907915,37.496712,126.907791,37.496604,126.90729,37.496171,126.907067,37.495989,126.90657,37.495552,126.906057,37.495091,126.905786,37.494845,126.905662,37.494732,126.905441,37.49453,126.905394,37.494487,126.904667,37.493834,126.904336,37.493514,126.904214,37.493407,126.903632,37.492891,126.903558,37.492831,126.90348,37.492764,126.903139,37.49246,126.90274,37.492093,126.902381,37.491756
3:126.902587,37.491618,126.902945,37.491954,126.903341,37.492319,126.903679,37.49262,126.903753,37.492683,126.903829,37.492745,126.904414,37.493264,126.90454,37.493375,126.904872,37.493695,126.905597,37.494346,126.905645,37.49439,126.905865,37.494592,126.905989,37.494705,126.906259,37.494949,126.906771,37.49541,126.907264,37.495842,126.907486,37.496024,126.907989,37.49646,126.908114,37.496568,126.908229,37.496667,126.908389,37.496797
3:126.899841,37.494914,126.899512,37.494701,126.898569,37.494099,126.89758,37.493491,126.897167,37.493251,126.896994,37.493137,126.896757,37.492996,126.896129,37.492604,126.895751,37.492375,126.895599,37.492282,126.895081,37.491954
3:126.895765,37.492113,126.895916,37.492206,126.896294,37.492435,126.896922,37.492827,126.897162,37.492969,126.897333,37.493083,126.897742,37.49332,126.898736,37.493931,126.899682,37.494535,126.900011,37.494749
3:126.899812,37.494774,126.900259,37.49421,126.900711,37.493693,126.901061,37.493233,126.901805,37.492315,126.901962,37.492127,126.902165,37.491879,126.902371,37.491629
3:126.902597,37.491746,126.902391,37.491996,126.902187,37.492244,126.902031,37.492432,126.90129,37.493346,126.900937,37.493809,126.900484,37.494328,126.90004,37.494888
2:126.909013,37.492485,126.908954,37.49243,126.90844,37.491832,126.907855,37.491121,126.907542,37.490723,126.907353,37.490491,126.906567,37.489555,126.906191,37.489115,126.906122,37.489027
2:126.906599,37.48876,126.906821,37.489017,126.907865,37.490255,126.908146,37.490599,126.908599,37.491202,126.909253,37.491966,126.909334,37.492061,126.909424,37.492165,126.90949,37.492244,126.909582,37.492343
3:126.902372,37.491627,126.902781,37.491153,126.902924,37.490987,126.903227,37.490633,126.903249,37.490608,126.903499,37.490388,126.903881,37.49013,126.904355,37.489877,126.904531,37.48978,126.906158,37.488884,126.906407,37.488735
3:126.906314,37.489059,126.904685,37.489956,126.904506,37.490054,126.904044,37.490301,126.903687,37.490542,126.903461,37.49074,126.90345,37.490754,126.903146,37.491108,126.903003,37.491273,126.902595,37.491748
3:126.902382,37.491757,126.902169,37.491561,126.901631,37.491069,126.90131,37.490777,126.900723,37.490278,126.900554,37.490125,126.90038,37.489973,126.900223,37.489835,126.900144,37.48977,126.900013,37.489657,126.899951,37.489604,126.899787,37.489456,126.899742,37.489416,126.899568,37.489255,126.899119,37.488855,126.898754,37.488533,126.898622,37.488417,126.898446,37.488264,126.898409,37.488233,126.897819,37.48776,126.897796,37.487742
3:126.897592,37.487218,126.897657,37.487279,126.897947,37.487548,126.897992,37.487595,126.89801,37.487609,126.898603,37.488085,126.898643,37.488119,126.898821,37.488273,126.898954,37.48839,126.89932,37.488713,126.899771,37.489114,126.899945,37.489276,126.899989,37.489315,126.90015,37.489461,126.90021,37.489511,126.900341,37.489623,126.900421,37.48969,126.90058,37.48983,126.900755,37.489983,126.900923,37.490134,126.90151,37.490634,126.901834,37.490929,126.902373,37.491421,126.902586,37.491618
1:126.922621,37.490202,126.918218,37.490099,126.917755,37.490068,126.917461,37.490041,126.916936,37.489966,126.916693,37.489907,126.916414,37.489801,126.91613,37.489659,126.91586,37.489496,126.91565,37.489372,126.9132,37.487885,126.91207,37.487248,126.911481,37.486988,126.911071,37.486833,126.910375,37.486593,126.910018,37.486473,126.90899,37.486127,126.907607,37.485699,126.906618,37.485432,126.905791,37.485236
1:126.899959,37.485617,126.900862,37.485189,126.901171,37.485066,126.901435,37.484979,126.901799,37.484885,126.90204,37.48483,126.902304,37.484782,126.903034,37.484718,126.90345,37.484704,126.905194,37.48467,126.905621,37.484672,126.905848,37.484683,126.906114,37.484707,126.906327,37.484737,126.906594,37.484786,126.906874,37.484851,126.911038,37.486011,126.911468,37.486163,126.911988,37.486394,126.912382,37.486595,126.913313,37.487156,126.915867,37.488776,126.916293,37.48908,126.916509,37.48927,126.916782,37.489478,126.916918,37.489568,126.917074,37.489635,126.917217,37.489679,126.917383,37.489704,126.917724,37.489742,126.918106,37.489766,126.918369,37.48977,126.922331,37.489869,126.922479,37.489871,126.922772,37.489855
3:126.922127,37.497962,126.922062,37.497968,126.92181,37.498038,126.920975,37.498327,126.920939,37.49834,126.920388,37.498535
2:126.920125,37.498402,126.920274,37.498341,126.92083,37.498144,126.920866,37.498131,126.921711,37.497839,126.922,37.497759,126.922093,37.497749
3:126.922107,37.497835,126.921221,37.49778,126.921066,37.497778,126.920967,37.497772,126.920809,37.497766,126.920124,37.497714
2:126.919519,37.497465,126.919574,37.497457,126.920828,37.497553,126.920983,37.497559,126.921078,37.497564,126.921234,37.497566,126.922128,37.497622
2:126.899839,37.508682,126.899912,37.508578,126.89995,37.508521,126.899991,37.508463,126.900175,37.508073,126.901037,37.506892,126.901181,37.506694,126.90123,37.506627
1:126.901563,37.506775,126.901235,37.507239,126.900982,37.507597,126.900533,37.508232,126.900227,37.508566,126.900187,37.508623,126.900149,37.50868,126.899923,37.508999,126.899782,37.509193
2:126.898863,37.510779,126.898549,37.511349,126.8985,37.511387,126.898428,37.51141,126.898356,37.5114,126.898037,37.511268,126.898248,37.510901,126.898466,37.510568,126.898551,37.510413,126.899204,37.509391,126.899356,37.509192,126.899635,37.50886,126.899855,37.508663
1:126.899794,37.509172,126.899654,37.509522,126.898943,37.510654,126.898878,37.510756,126.898858,37.510786
2:126.910951,37.505732,126.911849,37.505495,126.911982,37.505449,126.912751,37.505198,126.913169,37.505069,126.913427,37.504991,126.913762,37.50488,126.91396,37.50482
3:126.914056,37.50502,126.913862,37.505078,126.913527,37.505189,126.913266,37.505269,126.912851,37.505396,126.912088,37.505646,126.911946,37.505695,126.911036,37.505935
1:126.913959,37.50482,126.914071,37.504785,126.915143,37.504512,126.916286,37.504238,126.916992,37.504105,126.917119,37.504086,126.917335,37.504064,126.917384,37.50406
1:126.917413,37.504272,126.917367,37.504276,126.917161,37.504297,126.917048,37.504314,126.916357,37.504445,126.915223,37.504716,126.914161,37.504987,126.914057,37.505019
3:126.917393,37.504059,126.917851,37.504045,126.918291,37.504057,126.920326,37.504041,126.920675,37.504042,126.921297,37.504032,126.921406,37.504025,126.921799,37.504005,126.922053,37.503995
2:126.922066,37.504209,126.921815,37.504218,126.921425,37.504238,126.921311,37.504246,126.920677,37.504256,126.920327,37.504255,126.918287,37.504271,126.917852,37.504259,126.917404,37.504273
3:126.90726,37.505977,126.906782,37.505842,126.906181,37.505624,126.905546,37.505357,126.905508,37.505341,126.905132,37.505172,126.904666,37.504966,126.904517,37.504907,126.904353,37.504838,126.90384,37.504618,126.903042,37.504302,126.902953,37.504265
2:126.903163,37.504111,126.903964,37.504429,126.90448,37.504649,126.904641,37.504717,126.904792,37.504777,126.905264,37.504986,126.905638,37.505153,126.905672,37.505168,126.906301,37.505432,126.906883,37.505643,126.90735,37.505775
3:126.90541,37.508471,126.905706,37.508043,126.906412,37.506986,126.906829,37.506333,126.907187,37.505824
3:126.907422,37.505928,126.907067,37.506433,126.906651,37.507084,126.905943,37.508144,126.905647,37.508574
3:126.910218,37.510746,126.908941,37.510177,126.908856,37.51014,126.907978,37.50976,126.907786,37.509664,126.907147,37.509382,126.906804,37.509241,126.906275,37.509006,126.905782,37.50877,126.905459,37.508613
3:126.905599,37.508431,126.905922,37.508587,126.90641,37.508821,126.906932,37.509052,126.907275,37.509194,126.907923,37.50948,126.908115,37.509576,126.908986,37.509953,126.909073,37.509991,126.910342,37.510557,126.910431,37.510585
4:126.898846,37.510671,126.899096,37.510927,126.899311,37.51115,126.899709,37.51157,126.899745,37.511595,126.899914,37.511673,126.900723,37.511968,126.902598,37.512738,126.902821,37.512361,126.90396,37.510663,126.904398,37.509985,126.904783,37.509427,126.904928,37.509186,126.905107,37.508892,126.90514,37.508843,126.905412,37.508469
3:126.905645,37.508576,126.905375,37.508948,126.905347,37.508989,126.905171,37.509278,126.905023,37.509525,126.904636,37.510085,126.904199,37.510761,126.903062,37.512456,126.902724,37.513031,126.900605,37.51216,126.89979,37.511863,126.899585,37.511769,126.899509,37.511715,126.899096,37.511279,126.898882,37.511057,126.898637,37.510807,126.898491,37.510689
1:126.901512,37.50663,126.902501,37.507078,126.902825,37.507226,126.903102,37.507345,126.903579,37.507555,126.903908,37.507696,126.905593,37.508428
3:126.905464,37.508616,126.903779,37.507884,126.90345,37.507743,126.902972,37.507533,126.902694,37.507412,126.902367,37.507263,126.90138,37.506816,126.901283,37.506775
1:126.911019,37.505939,126.910771,37.505977,126.910414,37.505982,126.909293,37.506007,126.908194,37.506003,126.908154,37.506003,126.907535,37.505998,126.907294,37.505983
3:126.907316,37.50577,126.907547,37.505784,126.908158,37.505789,126.908197,37.50579,126.90929,37.505793,126.910408,37.505768,126.910742,37.505764,126.910967,37.505729
4:126.918176,37.5109,126.918553,37.510546,126.91877,37.510336,126.919061,37.510063,126.919329,37.509818,126.919625,37.509542,126.919804,37.509397,126.919995,37.50927,126.920202,37.509157,126.920809,37.508854,126.920949,37.508799,126.921198,37.508721,126.921401,37.508688,126.921794,37.508674,126.922161,37.508766,126.92268,37.508969,126.923031,37.509091,126.923314,37.509191,126.92335,37.509197,126.923373,37.509198,126.923406,37.509192,126.923495,37.509169,126.923823,37.509076,126.924017,37.509029
3:126.923911,37.509278,126.923583,37.509371,126.923479,37.509398,126.923395,37.509414,126.923315,37.509409,126.923232,37.509396,126.922922,37.509287,126.922567,37.509163,126.92206,37.508965,126.921758,37.50889,126.921434,37.508901,126.921275,37.508927,126.921059,37.508994,126.920941,37.509041,126.920351,37.509335,126.920159,37.50944,126.919987,37.509555,126.919824,37.509686,126.919534,37.509958,126.919266,37.510202,126.918977,37.510473,126.91876,37.510683,126.91838,37.511039,126.91768,37.511667,126.91727,37.512016,126.917009,37.512249
1:126.923299,37.490223,126.922737,37.490063,126.922219,37.489925,126.920261,37.489871,126.920157,37.489879,126.919746,37.489883,126.919513,37.48987,126.919317,37.489844,126.918854,37.489727,126.918607,37.489638,126.918452,37.489564
3:126.918548,37.489368,126.919289,37.48949,126.919576,37.489534,126.920192,37.489638,126.920279,37.489658,126.922244,37.489712,126.922383,37.48971
4:126.920057,37.498525,126.920027,37.498438,126.919995,37.498354,126.919943,37.498263,126.919676,37.497996,126.919612,37.497945,126.919538,37.497896,126.919473,37.497866,126.919343,37.497815,126.919029,37.497733
4:126.919609,37.497477,126.919739,37.497534,126.919927,37.497652,126.920046,37.497746,126.920187,37.497907,126.920308,37.498068,126.920384,37.498185,126.920434,37.498302,126.920465,37.498415
2:126.919031,37.497734,126.918693,37.497651,126.918488,37.497609,126.918344,37.49759,126.91823,37.497582,126.917866,37.497582,126.917708,37.497573
3:126.917249,37.497436,126.917238,37.497371,126.91724,37.497313,126.917251,37.497256,126.917281,37.497203,126.917325,37.497159,126.91738,37.497129,126.917448,37.49709,126.917436,37.497099,126.917487,37.497011,126.91898,37.497323,126.919583,37.497468
