3:126.902835,37.470812,126.902551,37.46993,126.902206,37.46889,126.901848,37.467809,126.901697,37.467306,126.901582,37.466901,126.901564,37.466742,126.901571,37.466593,126.901601,37.466458
3:126.901867,37.466496,126.901839,37.466616,126.901834,37.466737,126.901848,37.466868,126.90196,37.467258,126.90211,37.467757,126.902467,37.468836,126.902812,37.469876,126.903096,37.470759
3:126.897902,37.466407,126.898604,37.466399,126.899661,37.466383,126.901043,37.466381,126.901731,37.46637
3:126.901737,37.466584,126.901046,37.466595,126.899664,37.466597,126.898609,37.466613,126.897905,37.466621,126.897556,37.466622
2:126.901605,37.466445,126.901819,37.465892,126.902114,37.465382,126.902448,37.46489,126.902645,37.464618,126.902846,37.464339,126.902978,37.464138,126.903129,37.463909,126.903353,37.463576,126.9038,37.46292,126.903948,37.462698,126.904234,37.462265,126.904338,37.462065,126.904381,37.461943,126.904399,37.461873,126.904481,37.461522,126.9046,37.460884,126.904764,37.459982,126.90488,37.459419,126.905005,37.458806,126.905084,37.458414,126.905147,37.458084,126.905313,37.457248,126.905445,37.456603,126.905524,37.456217,126.905725,37.455172,126.905763,37.455003,126.905895,37.454349,126.905918,37.454213,126.905967,37.453916,126.906005,37.453705,126.905981,37.453373,126.905977,37.453331,126.90594,37.452985,126.905916,37.45277,126.905888,37.452226
2:126.906158,37.452217,126.906185,37.452756,126.906208,37.452966,126.906245,37.453313,126.90625,37.453358,126.906276,37.453714,126.906234,37.453945,126.906185,37.454241,126.906162,37.45438,126.906028,37.455039,126.905991,37.455207,126.90579,37.45625,126.905711,37.456637,126.905579,37.457282,126.905413,37.458117,126.905351,37.458447,126.905271,37.45884,126.905146,37.459453,126.90503,37.460014,126.904866,37.460915,126.904747,37.461557,126.904663,37.461914,126.904643,37.461993,126.904593,37.462135,126.904478,37.462356,126.904186,37.462797,126.904038,37.463021,126.90359,37.463678,126.903368,37.464009,126.903217,37.464237,126.903083,37.464442,126.902878,37.464724,126.902683,37.464994,126.902355,37.465477,126.902071,37.465968,126.901863,37.466508
3:126.900714,37.45467,126.900904,37.454688,126.901434,37.454701,126.901665,37.454683,126.90178,37.454652,126.90196,37.454566,126.903145,37.45388,126.903551,37.453647,126.903811,37.453471,126.905233,37.452604,126.905937,37.452139
2:126.906109,37.452304,126.905401,37.452771,126.903981,37.453638,126.903718,37.453815,126.903304,37.454053,126.902109,37.454745,126.901894,37.454847,126.901723,37.454893,126.901443,37.454915,126.900884,37.454901,126.900675,37.454882,126.900335,37.454818
2:126.900306,37.454809,126.899814,37.454616,126.899627,37.454537,126.899554,37.454509,126.898203,37.45394,126.897517,37.453657,126.895495,37.452783,126.894827,37.452539,126.893469,37.452087,126.893338,37.452046,126.893046,37.451964
4:126.893434,37.451846,126.89357,37.451889,126.894936,37.452343,126.895616,37.452592,126.897643,37.453468,126.898328,37.453751,126.899676,37.454318,126.899749,37.454347,126.899937,37.454425,126.900412,37.454612,126.90073,37.454673
2:126.899805,37.457538,126.89962,37.458023,126.899336,37.458714,126.899015,37.459474,126.898504,37.460775,126.898111,37.461786,126.898043,37.461959,126.897956,37.462215,126.897822,37.462738,126.897783,37.462931,126.897758,37.463151,126.89774,37.463487,126.897845,37.464722,126.898029,37.466411,126.898038,37.466505
2:126.897422,37.466524,126.897261,37.465049,126.897145,37.463668,126.897153,37.463156,126.897165,37.462964,126.897293,37.462424,126.897393,37.462064,126.897874,37.460763,126.89803,37.460368,126.898391,37.459429,126.898446,37.459289,126.898509,37.459144,126.898909,37.458217,126.899069,37.457804,126.89928,37.457181
2:126.900827,37.454808,126.900571,37.455463,126.899953,37.457118,126.899806,37.457536
3:126.89928,37.457179,126.899321,37.457064,126.900212,37.454767,126.900235,37.454689
2:126.899366,37.457309,126.898726,37.457135,126.897462,37.456816,126.896426,37.456553,126.895081,37.456215,126.894797,37.456134,126.89471,37.456317,126.894498,37.456751,126.894449,37.456827,126.894405,37.456888,126.894279,37.457042,126.893937,37.457375,126.893846,37.45747,126.893737,37.457602,126.893555,37.457902,126.893381,37.458267,126.892982,37.459124,126.892388,37.460345,126.891632,37.462097,126.890442,37.464869,126.890089,37.465616,126.889715,37.466474
2:126.88946,37.466404,126.889835,37.465544,126.890188,37.464797,126.891377,37.462028,126.892135,37.460272,126.89273,37.459048,126.893128,37.458192,126.893307,37.457817,126.893501,37.457496,126.893626,37.457346,126.893725,37.457243,126.894061,37.456916,126.894175,37.456776,126.894212,37.456725,126.894251,37.456663,126.894458,37.45624,126.894639,37.455862,126.895167,37.456012,126.896508,37.456349,126.897544,37.456612,126.89881,37.456932,126.899454,37.457107
1:126.900237,37.454682,126.900643,37.453642,126.901033,37.452587,126.9015,37.451356,126.901954,37.450169,126.902058,37.449897
2:126.902737,37.449896,126.90221,37.451269,126.902136,37.451427,126.902067,37.451589,126.901766,37.45238,126.90156,37.452886,126.901271,37.453637,126.900856,37.454734,126.900827,37.454808
2:126.902058,37.449898,126.902184,37.449557,126.90253,37.448653,126.902603,37.448475,126.902669,37.448299
2:126.903234,37.448533,126.902737,37.449894
2:126.902647,37.449762,126.903327,37.449926,126.903928,37.450066,126.904174,37.450132,126.904507,37.450268,126.9048,37.45039,126.904905,37.450435,126.905201,37.450564,126.905349,37.450637,126.905482,37.4507,126.905586,37.450739,126.905678,37.450756,126.905896,37.450775
3:126.905866,37.450988,126.905633,37.450967,126.905498,37.450943,126.905355,37.450889,126.905209,37.450819,126.905066,37.45075,126.904775,37.450623,126.904672,37.450578,126.904383,37.450458,126.904069,37.45033,126.903847,37.450271,126.90325,37.450131,126.902569,37.449967
3:126.905882,37.450774,126.906278,37.450778,126.906708,37.45078,126.907427,37.450811,126.907807,37.450845,126.908221,37.450934,126.908632,37.451049
4:126.908542,37.451251,126.908141,37.451139,126.907756,37.451056,126.907405,37.451024,126.9067,37.450993,126.906276,37.450992,126.905879,37.450988
4:126.905889,37.452231,126.905746,37.45089
3:126.906015,37.450872,126.906157,37.452213
3:126.905747,37.450892,126.905655,37.45015,126.905543,37.449862,126.9054,37.449638,126.905299,37.449503,126.905137,37.449375,126.904823,37.449137,126.904337,37.448932,126.903765,37.448778,126.903064,37.448605
3:126.903144,37.448401,126.903849,37.448574,126.904444,37.448735,126.904983,37.448962,126.905325,37.449222,126.905513,37.44937,126.905637,37.449535,126.905793,37.449781,126.90592,37.450108,126.906015,37.450871
3:126.905962,37.452126,126.906726,37.451815,126.907002,37.451702,126.907994,37.451294,126.908109,37.451244,126.90852,37.451057
3:126.908654,37.451243,126.908242,37.45143,126.908121,37.451483,126.907126,37.451891,126.906849,37.452006,126.906084,37.452317
2:126.908538,37.451051,126.908591,37.451034,126.909145,37.450807,126.90946,37.450679,126.909699,37.450583
1:126.909821,37.450773,126.909582,37.45087,126.909268,37.450997,126.908702,37.451229,126.908636,37.45125
3:126.91603,37.449974,126.916214,37.449908,126.917562,37.449686,126.917679,37.449686,126.917977,37.449714,126.919673,37.449897,126.92029,37.449909,126.920612,37.449886,126.920874,37.449829
3:126.920945,37.450036,126.92066,37.450098,126.920298,37.450123,126.919651,37.450111,126.917943,37.449926,126.917663,37.4499,126.91759,37.4499,126.916298,37.450113,126.91614,37.450169
2:126.909715,37.450577,126.909846,37.45054,126.910063,37.450519,126.910593,37.450467,126.911047,37.450407,126.911194,37.450379,126.911298,37.450355,126.911404,37.450317,126.912102,37.450098,126.912347,37.450023,126.912613,37.449987,126.912983,37.449974,126.914231,37.449942,126.914527,37.449944,126.914635,37.449954,126.915393,37.45015,126.91546,37.450154,126.915533,37.450155,126.915585,37.450149,126.91565,37.450129,126.916023,37.449976
3:126.916147,37.450167,126.91576,37.450325,126.915654,37.450357,126.915551,37.450369,126.915449,37.450368,126.91534,37.450362,126.914577,37.450164,126.91451,37.450158,126.914234,37.450156,126.912993,37.450187,126.912642,37.450201,126.912418,37.45023,126.912201,37.450297,126.911509,37.450514,126.911391,37.450556,126.911264,37.450586,126.911102,37.450617,126.910632,37.450679,126.910096,37.450731,126.909908,37.45075,126.909805,37.450779
2:126.909852,37.4506,126.909996,37.450706,126.91005,37.450746,126.910202,37.450848,126.910555,37.451193,126.910638,37.451275,126.910694,37.451335,126.910849,37.45157,126.910864,37.451589,126.910928,37.451638,126.911033,37.4517,126.911283,37.451817,126.911355,37.451834,126.911443,37.451841,126.911516,37.451837,126.911586,37.451832,126.911758,37.451818,126.912321,37.451776,126.912721,37.451731,126.913209,37.45169,126.913297,37.451704,126.91387,37.451856,126.913917,37.451866,126.914138,37.451873,126.914445,37.451916,126.914774,37.451989,126.915509,37.452148,126.915621,37.452175,126.915688,37.452194,126.915769,37.452208,126.915854,37.452216,126.916215,37.452233,126.916293,37.452246,126.916359,37.452281,126.916409,37.452322,126.916543,37.452525,126.916568,37.452551,126.916626,37.452597,126.916863,37.452772
2:126.91668,37.452928,126.916438,37.452751,126.916367,37.452693,126.916315,37.452642,126.916189,37.452449,126.916185,37.452446,126.916186,37.452447,126.916179,37.452446,126.91583,37.452429,126.915725,37.452419,126.915615,37.4524,126.915537,37.452379,126.915434,37.452354,126.914702,37.452195,126.914385,37.452125,126.914109,37.452086,126.913875,37.452078,126.913792,37.45206,126.913227,37.451911,126.913196,37.451906,126.912754,37.451944,126.912353,37.451989,126.911784,37.452031,126.911613,37.452045,126.911536,37.452051,126.911438,37.452055,126.911303,37.452045,126.911173,37.452014,126.910884,37.451878,126.910754,37.451802,126.910653,37.451725,126.910615,37.451676,126.910465,37.451449,126.910425,37.451405,126.910346,37.451328,126.910008,37.450998,126.909871,37.450906,126.909813,37.450863,126.909668,37.450756
2:126.916863,37.452772,126.917215,37.45303,126.917355,37.453173,126.917649,37.453474,126.917674,37.453494,126.917701,37.45351,126.917938,37.453614,126.918189,37.453724,126.918211,37.453731,126.918236,37.453734,126.918754,37.45373,126.918829,37.453738,126.918894,37.453757,126.918969,37.453802,126.919235,37.45406,126.919249,37.454069,126.919262,37.454073,126.919273,37.454074,126.919265,37.454075,126.919268,37.454074,126.919874,37.453726,126.919909,37.453701,126.919947,37.453656,126.920216,37.453114,126.920537,37.452451,126.920665,37.452302
2:126.920888,37.452423,126.920777,37.452551,126.920468,37.453192,126.920187,37.453757,126.920114,37.453843,126.920045,37.453892,126.919408,37.454258,126.919346,37.454282,126.919271,37.454291,126.919191,37.454281,126.91911,37.454255,126.919043,37.454211,126.918782,37.453958,126.918763,37.453947,126.918762,37.453946,126.918737,37.453944,126.918215,37.453949,126.918138,37.453938,126.918073,37.453917,126.917808,37.453801,126.917556,37.453691,126.917496,37.453656,126.917445,37.453614,126.917143,37.453304,126.917016,37.453176,126.91668,37.452928
1:126.921345,37.458034,126.921087,37.457839,126.920967,37.457711,126.920935,37.457668,126.920914,37.45762,126.920889,37.457539,126.920729,37.457019,126.920605,37.456609,126.920546,37.456417,126.920539,37.456375,126.920538,37.456317,126.920548,37.456245,126.920574,37.4561,126.920605,37.456003,126.920717,37.455762,126.921043,37.454334,126.921089,37.454053,126.921102,37.453827,126.921083,37.453507,126.921055,37.45336,126.921017,37.453229,126.920796,37.452723,126.920649,37.452399
2:126.920556,37.451804,126.920552,37.451782,126.920449,37.45149,126.920432,37.451225,126.92046,37.451039,126.92072,37.450396,126.920748,37.450329,126.920757,37.450279,126.920758,37.450142,126.920761,37.450046,126.920775,37.449922
1:126.920647,37.452393,126.920588,37.452235,126.920565,37.452115,126.920556,37.451957,126.920554,37.451783,126.920596,37.4512,126.92066,37.451005,126.92074,37.450846,126.920894,37.450649,126.921606,37.450095,126.92172,37.449996,126.921798,37.449888,126.921835,37.449804,126.921862,37.449714,126.921867,37.44965,126.921854,37.449557,126.92182,37.449433,126.921753,37.449326,126.920486,37.448205
2:126.918767,37.472922,126.918976,37.472689,126.91915,37.472474,126.919368,37.47206,126.919594,37.471637,126.919664,37.471493,126.91969,37.471414,126.919718,37.471258,126.91974,37.47107,126.91974,37.470901,126.91976,37.470656,126.91985,37.470067,126.919936,37.469752,126.919959,37.469658,126.919967,37.469598,126.919968,37.469423,126.91996,37.469358,126.919935,37.469229,126.919902,37.4691,126.919828,37.468864,126.919809,37.46878,126.919804,37.468708,126.919807,37.468647,126.919815,37.468573,126.919841,37.468488,126.919889,37.468389,126.920064,37.46817,126.92019,37.467979,126.920303,37.46771,126.920364,37.467556,126.920405,37.467446,126.920426,37.467337,126.920433,37.467271,126.920421,37.467173,126.920407,37.467102,126.920327,37.466852,126.920047,37.466164,126.919905,37.465858,126.919854,37.465766,126.919716,37.465581,126.919436,37.465226
2:126.919664,37.465113,126.919947,37.46547,126.920094,37.465668,126.920155,37.465778,126.920302,37.466094,126.920586,37.466792,126.920672,37.46706,126.920688,37.467147,126.920704,37.46727,126.920693,37.467362,126.920669,37.467492,126.920621,37.467619,126.920559,37.467776,126.920439,37.468062,126.920297,37.468277,126.920131,37.468486,126.920098,37.468552,126.920082,37.468607,126.920076,37.46866,126.920074,37.468706,126.920078,37.468756,126.920092,37.46882,126.920165,37.469053,126.9202,37.469192,126.920228,37.469332,126.920237,37.469414,126.920236,37.469609,126.920226,37.46969,126.9202,37.469795,126.920116,37.470102,126.920028,37.470676,126.92001,37.470908,126.920009,37.471079,126.919986,37.471283,126.919954,37.471456,126.919921,37.471558,126.919844,37.471717,126.919617,37.472144,126.919389,37.472574,126.9192,37.472809,126.918986,37.473046
2:126.919435,37.465226,126.919142,37.464848,126.919074,37.464737,126.919027,37.464617,126.919025,37.464547,126.919033,37.464476,126.919064,37.464277,126.919066,37.464232,126.919063,37.464203,126.919051,37.464141,126.919003,37.463995,126.918909,37.46372,126.918884,37.463609,126.918863,37.463421,126.918872,37.463046,126.918886,37.462634,126.918881,37.462288,126.918877,37.461698,126.918905,37.461385,126.918928,37.460993,126.918942,37.460923,126.91898,37.460807,126.919028,37.460721,126.919086,37.460639,126.919145,37.460576,126.919231,37.460512
3:126.919416,37.460668,126.919347,37.46072,126.919312,37.460756,126.919269,37.460817,126.919235,37.460877,126.919207,37.460966,126.919197,37.461015,126.919175,37.461397,126.919147,37.461705,126.91915,37.462286,126.919156,37.462635,126.919141,37.463051,126.919133,37.463413,126.919152,37.46358,126.919172,37.463673,126.919263,37.46394,126.919315,37.464097,126.919331,37.464179,126.919335,37.464228,126.919334,37.464293,126.919301,37.464498,126.919295,37.464554,126.919296,37.464583,126.919325,37.464658,126.919379,37.464745,126.919665,37.465113
2:126.919234,37.460511,126.919373,37.460412,126.91951,37.460336,126.919642,37.460281,126.91978,37.460238,126.919923,37.460209,126.920085,37.460188,126.920292,37.460179,126.920485,37.460196,126.920659,37.460233,126.92073,37.460254,126.920901,37.460316,126.921036,37.460379,126.92214,37.461009,126.923246,37.461651,126.923484,37.461765,126.923561,37.461798,126.923665,37.461824,126.923751,37.461837,126.923847,37.461842,126.923943,37.461833,126.924032,37.461813,126.924117,37.461785,126.924197,37.461743,126.924265,37.461703,126.924315,37.461658,126.924335,37.461628,126.924355,37.461576,126.924363,37.461524,126.924368,37.461354
3:126.924638,37.461359,126.924632,37.46154,126.924619,37.461622,126.924585,37.461709,126.92454,37.461779,126.924448,37.461862,126.924351,37.461919,126.924243,37.461975,126.924123,37.462015,126.923997,37.462044,126.923854,37.462057,126.923717,37.46205,126.923598,37.462032,126.923456,37.461996,126.92335,37.461951,126.923097,37.461829,126.921982,37.461183,126.920888,37.460558,126.920776,37.460505,126.920627,37.460452,126.920577,37.460437,126.920435,37.460407,126.920284,37.460394,126.920114,37.460401,126.919978,37.460418,126.919863,37.460441,126.919755,37.460476,126.91965,37.460519,126.91954,37.46058,126.919413,37.46067

