1:126.952186,37.478702,126.952147,37.478232,126.952141,37.477729,126.952246,37.477165,126.952342,37.476754,126.952546,37.475694,126.952785,37.474497,126.95288,37.473943,126.952962,37.473484,126.952951,37.472951,126.952943,37.472807,126.952922,37.472682,126.952895,37.472553,126.952723,37.471984,126.952513,37.471441,126.951749,37.469361,126.951531,37.468926,126.951369,37.468725,126.951134,37.468515
2:126.951335,37.468373,126.951584,37.468595,126.951772,37.468827,126.952004,37.469292,126.952771,37.47138,126.952983,37.471927,126.95316,37.47251,126.953189,37.472651,126.953211,37.472788,126.953221,37.472944,126.953231,37.473498,126.953147,37.473972,126.953052,37.474528,126.952812,37.475726,126.952608,37.47679,126.952512,37.4772,126.95241,37.477744,126.952416,37.478224,126.952455,37.478688
3:126.951144,37.468523,126.950954,37.468386,126.950216,37.467938,126.949821,37.467784,126.949473,37.467661,126.9493,37.467631,126.949077,37.467615,126.948759,37.467616,126.948576,37.467631,126.948347,37.467665,126.94806,37.467725,126.947752,37.467819,126.947486,37.467926,126.947089,37.468229,126.946859,37.468452,126.946485,37.468777,126.946086,37.469105,126.944912,37.47002
2:126.944702,37.469475,126.944942,37.46930199999999,126.946098,37.468466,126.946306,37.468307
2:126.944789,37.46916,126.944885,37.46914,126.944976,37.469115,126.945052,37.46907,126.945374,37.46884,126.945778,37.46853,126.945911,37.46843,126.94604,37.46833,126.946176,37.468298,126.946312,37.46828699999999,126.946379,37.468279
2:126.9463,37.46831199999999,126.946655,37.468006,126.946746,37.46791499999999,126.94678,37.467879,126.946823,37.467829,126.947035,37.467556,126.947124,37.46744799999999,126.947195,37.467373,126.947291,37.46728199999999,126.947368,37.467224,126.947444,37.467179,126.947537,37.467135,126.947617,37.467102,126.947788,37.467026,126.947939,37.466973,126.948176,37.466923,126.948356,37.466909,126.948555,37.466899,126.948692,37.466919,126.948813,37.466949,126.948928,37.466986,126.94906,37.467043,126.949314,37.467125,126.949505,37.467179,126.949663,37.467253,126.949895,37.467385,126.950144,37.467549,126.95038,37.467768,126.951126,37.468222,126.951325,37.468365
4:126.944715,37.469368,126.944692,37.469286,126.944516,37.468645,126.944428,37.46826,126.944423,37.468213,126.944415,37.468155,126.944404,37.468095,126.94431,37.467747,126.944264,37.467618,126.9442,37.467072
3:126.944469,37.467053,126.94453,37.467579,126.944572,37.467695,126.944669,37.468057,126.944682,37.468129,126.944691,37.468193,126.944695,37.468232,126.94478,37.468603,126.944955,37.46924,126.944978,37.469321
2:126.948789,37.469986,126.948477,37.469858,126.947642,37.469393,126.947156,37.469089,126.947019,37.469016,126.946889,37.468982,126.946757,37.468967,126.946618,37.468963,126.946526,37.468967,126.94648,37.468976,126.946361,37.46903,126.945637,37.469454
1:126.951189,37.468545,126.950844,37.468447,126.950709,37.468388,126.950489,37.468269,126.950095,37.468081,126.949855,37.467991,126.949648,37.467926,126.949433,37.467875,126.949299,37.467851,126.949147,37.467834,126.94889,37.467828,126.948737,37.467832,126.948635,37.467841,126.948513,37.467852,126.948365,37.467875,126.94824,37.467901,126.948128,37.467932,126.948036,37.467966,126.947954,37.468005,126.947883,37.468055,126.947827,37.468113,126.947794,37.46817,126.947775,37.468231,126.94777,37.468274,126.947771,37.468299,126.947785,37.468377,126.947807,37.468424,126.94782,37.468449,126.947856,37.4685,126.947873,37.468521,126.947922,37.468569,126.94806,37.468676,126.948407,37.468918,126.948984,37.469337,126.949082,37.469412,126.949359,37.469687
1:126.948769,37.469976,126.948501,37.469816,126.948102,37.469573,126.947619,37.469221,126.947083,37.468759,126.945925,37.467594,126.944666,37.466199
1:126.946317,37.46712,126.946751,37.467593,126.947354,37.468194,126.947592,37.468413,126.947833,37.468626,126.94812,37.468858,126.948447,37.469105,126.948657,37.46925,126.9489,37.469407,126.949335,37.469669
1:126.944674,37.46950199999999,126.94482,37.469294
1:126.944929,37.46925999999999,126.944932,37.469262,126.944927,37.469261,126.944854,37.46926,126.94486,37.469258,126.944874,37.469252
1:126.944845,37.469269,126.945853,37.46851499999999,126.945895,37.468472,126.945945,37.46839299999999,126.945956,37.468338,126.945958,37.46822,126.94593,37.468046,126.945877,37.467903,126.945798,37.467722,126.945649,37.467442,126.944662,37.466194
1:126.947302,37.46821099999999,126.946834,37.46847
1:126.946305,37.467109,126.946711,37.467447,126.94733,37.468057
1:126.94733,37.468057,126.947401,37.468127,126.947547,37.46822,126.947767,37.468342,126.947858,37.46838,126.948008,37.468442,126.948147,37.468482,126.948268,37.468507,126.948369,37.468509,126.948455,37.468498,126.948539,37.468474,126.948611,37.468438,126.948681,37.468383,126.948732,37.468324,126.948766,37.468262,126.948782,37.468189,126.948785,37.468117,126.948765,37.468047,126.948735,37.467986,126.948715,37.467961,126.948678,37.467923,126.948633,37.467889,126.948575,37.467854,126.948488,37.467822,126.948441,37.467815,126.948351,37.467804,126.94826,37.467811,126.948119,37.46784,126.94799,37.467877,126.947789,37.467955,126.947597,37.468049,126.94742,37.468146
1:126.944668,37.466201,126.943168,37.464621,126.942112,37.463529,126.93993,37.461265,126.937942,37.459115,126.936716,37.457881,126.935173,37.45649,126.933243,37.454994,126.931395,37.453647,126.928487,37.451501,126.925876,37.449578,126.923751,37.448012,126.921594,37.446405,126.919713,37.445026,126.918044,37.443788,126.915754,37.442102,126.913795,37.440678,126.913227,37.440272,126.912637,37.439859,126.912292,37.439635,126.911994,37.439467,126.911364,37.439175,126.911003,37.439039,126.910323,37.438814,126.909926,37.43871,126.909575,37.438633,126.908868,37.438527,126.908051,37.438428,126.907568,37.438393,126.906224,37.438368,126.905999,37.438368
1:126.90549,37.43796,126.906224,37.437925,126.907553,37.437844,126.907787,37.437848,126.908186,37.437869,126.908588,37.437908,126.908972,37.437955,126.909408,37.438029,126.909843,37.438117,126.910089,37.438173,126.910521,37.438296,126.911,37.438445,126.911235,37.438533,126.911577,37.438671,126.911839,37.438786,126.9122,37.438961,126.912622,37.43919,126.912973,37.439401,126.913216,37.439559,126.913704,37.439895,126.914217,37.440279,126.916218,37.441717,126.918422,37.443341,126.920083,37.44455,126.921993,37.445975,126.924167,37.447574,126.926279,37.449136,126.928947,37.451106,126.931821,37.453227,126.933818,37.45469,126.935629,37.45609,126.937234,37.457528,126.93853,37.458845,126.940542,37.461012,126.942312,37.46286,126.942613,37.463171,126.943675,37.464269,126.945439,37.466161,126.946317,37.46712
