1:126.950968,37.529928,126.950936,37.529911,126.944509,37.526555,126.938868,37.523594
1:126.939016,37.523416,126.944657,37.526377,126.951086,37.529733,126.951119,37.529751
2:126.953147,37.525934,126.953301,37.525771,126.953393,37.525648,126.953538,37.525409,126.953646,37.525262,126.953702,37.525199,126.953759,37.525131,126.953829,37.52507,126.953875,37.525046,126.953924,37.525022,126.953982,37.525,126.954036,37.524983,126.954352,37.52489,126.954452,37.524861,126.95448,37.524851,126.954535,37.524826,126.954616,37.524778,126.955009,37.524544,126.955465,37.524177,126.956586,37.52331,126.95686,37.52314,126.957133,37.523004,126.957406,37.522903,126.957662,37.522828,126.957959,37.522762,126.958965,37.522617,126.959372,37.52257,126.95993,37.522523,126.960506,37.522471,126.961028,37.522416,126.961092,37.52241,126.961098,37.522408,126.961235,37.522348,126.961586,37.522271
1:126.962004,37.522564,126.961715,37.522605,126.961339,37.522634,126.961167,37.522621,126.961132,37.522621,126.961062,37.522628,126.960539,37.522683,126.95996,37.522736,126.959406,37.522783,126.959009,37.522828,126.95802,37.522971,126.957745,37.523031,126.95751,37.5231,126.957263,37.523192,126.957015,37.523316,126.956764,37.523471,126.955655,37.524329,126.955197,37.524697,126.955074,37.524812,126.954684,37.525107,126.954609,37.525173,126.954524,37.525249,126.95438,37.525396,126.954278,37.52551,126.954206,37.5256,126.954142,37.525684,126.954015,37.525884,126.953958,37.525983,126.953858,37.526187,126.953756,37.526431,126.953729,37.526524,126.953708,37.526613,126.953625,37.526917,126.95352,37.527285
1:126.938891,37.523604,126.938776,37.523566,126.938314,37.523486,126.938129,37.523406,126.938039,37.523383,126.937949,37.52337,126.937861,37.523367,126.937753,37.523371,126.937655,37.523392,126.937569,37.523416,126.937488,37.523451,126.937419,37.523486,126.936881,37.523891,126.936489,37.524054
1:126.93887,37.523595,126.938435,37.523376,126.938,37.523144,126.937565,37.522943,126.935723,37.521801,126.935394,37.521568
1:126.935554,37.521397,126.935931,37.52158,126.937768,37.522716,126.938152,37.522968,126.938582,37.523198,126.939014,37.523415
2:126.940202,37.520931,126.940423,37.52074,126.94061,37.520523,126.940691,37.520402,126.940724,37.520335,126.940764,37.520211,126.940793,37.520095,126.940818,37.519975,126.940824,37.51987,126.940824,37.519781,126.94081,37.51967,126.94076,37.519409
2:126.941027,37.519377,126.941078,37.519644,126.941093,37.51977,126.941094,37.519874,126.941086,37.519998,126.941058,37.520133,126.941027,37.520259,126.940981,37.520402,126.940936,37.520492,126.940841,37.520634,126.940634,37.520873,126.940401,37.521075
1:126.940217,37.521086,126.939833,37.520838,126.93951,37.520643,126.939144,37.520412,126.939005,37.520331,126.937964,37.519679,126.937887,37.519623,126.936208,37.51859,126.935241,37.51797,126.935067,37.517852,126.934929,37.517757
3:126.935105,37.51759,126.935243,37.51769
3:126.935242,37.517689,126.935414,37.517805,126.936376,37.518422,126.93806,37.51945899999999,126.938139,37.519515,126.939169,37.520161,126.939308,37.520243,126.939676,37.52047499999999,126.939999,37.520669,126.940387,37.52092
3:126.935242,37.51741299999999,126.935257,37.517429,126.935273,37.517459,126.935279,37.517489,126.935275,37.51771399999999,126.935275,37.517725,126.935275,37.517729,126.935276,37.517732,126.93526,37.5177,126.93527,37.517715
2:126.940766,37.519426,126.940679,37.519216,126.940518,37.518952,126.940362,37.51876,126.940146,37.518573,126.939995,37.518472,126.939847,37.51839,126.939708,37.518327,126.939575,37.51829,126.939065,37.518181,126.938577,37.518114,126.937233,37.517911,126.936307,37.517751,126.935111,37.517582
1:126.935158,37.517372,126.936359,37.517541,126.937287,37.517702,126.938626,37.517904,126.939123,37.517972,126.939654,37.518085,126.939821,37.518131,126.939992,37.51821,126.940159,37.518303,126.940333,37.518418,126.940576,37.518629,126.940754,37.518847,126.94093,37.519136,126.941022,37.51936
1:126.936466,37.515154,126.939047,37.515634,126.939934,37.515817,126.940841,37.515983,126.942101,37.516157,126.942725,37.516249,126.944659,37.51649,126.945504,37.516583,126.946565,37.516619
1:126.946554,37.516832,126.94548,37.516796,126.94462,37.516702,126.942679,37.51646,126.942053,37.516368,126.940788,37.516192,126.93987,37.516025,126.938982,37.515841,126.936405,37.515362
1:126.946554,37.516619,126.946927,37.516608,126.947253,37.516564,126.947598,37.51648,126.948188,37.516284,126.949808,37.515647,126.950772,37.515317
1:126.950879,37.515513,126.949922,37.515841,126.9483,37.516479,126.947689,37.516681,126.947315,37.516772,126.946955,37.516821,126.946574,37.516832,126.945738,37.516951
2:126.946393,37.51426399999999,126.946622,37.513633,126.94663,37.51360199999999,126.94663,37.513594,126.946621,37.513572
2:126.943072,37.516076,126.943087,37.51602,126.943108,37.515991,126.943128,37.51597,126.945064,37.514261,126.945161,37.514223,126.945272,37.514204,126.946158,37.514305,126.946234,37.514296,126.94641,37.514274
1:126.946875,37.51350099999999,126.946903,37.513565,126.946897,37.51362999999999,126.946884,37.513683,126.946652,37.514323
1:126.946451,37.514485,126.946276,37.514507,126.946159,37.514521,126.945281,37.51442099999999,126.94525,37.514427,126.94523,37.514435,126.943338,37.516104,126.943337,37.516105,126.943342,37.516098,126.943335,37.516122
3:126.950753,37.515325,126.95121,37.515092,126.951343,37.515026,126.951354,37.515019,126.951367,37.51501,126.951416,37.514936,126.951491,37.514812,126.951576,37.514666,126.951759,37.514287,126.951791,37.514235,126.951798,37.514218,126.951813,37.514132,126.95184,37.513995,126.951882,37.51382,126.952108,37.512892
2:126.952373,37.512932,126.952147,37.51386,126.952106,37.514031,126.95208,37.514164,126.952063,37.514255,126.952058,37.514289,126.952057,37.514323,126.952048,37.51439,126.952021,37.514535,126.952019,37.514556,126.95202,37.514578,126.952031,37.514624,126.952043,37.514659
2:126.944368,37.514007,126.944234,37.513999,126.944091,37.513994,126.943631,37.51396,126.942523,37.513892,126.942416,37.513885,126.940335,37.513743
2:126.940212,37.513347,126.94055,37.51336,126.942008,37.513464,126.942506,37.513495,126.943698,37.51357,126.944293,37.513627
2:126.944282,37.513627,126.944631,37.513637,126.945179,37.513585,126.945583,37.513507,126.94645,37.513316,126.946759,37.513246
3:126.946784,37.513639,126.9457,37.51388,126.945256,37.513968,126.944683,37.51401,126.944376,37.514008
2:126.944142,37.513735,126.944137,37.513524,126.944137,37.513281,126.944139,37.512573,126.94414,37.511869,126.944173,37.511631,126.944272,37.51132,126.94432,37.511171,126.944567,37.51061
3:126.944822,37.51068,126.944578,37.511233,126.944534,37.511372,126.944439,37.511669,126.94441,37.511881,126.944409,37.512574,126.944406,37.513282,126.944407,37.513522,126.944412,37.513731
1:126.94034,37.513743,126.940021,37.513731,126.938733,37.513657,126.936853,37.513528,126.936554,37.513512,126.934784,37.513401,126.934417,37.513378,126.931985,37.513407,126.931866,37.513408
2:126.931861,37.513023,126.932035,37.51302,126.934411,37.513008,126.934823,37.513027,126.936689,37.513131,126.93731,37.513184,126.937695,37.513218,126.938423,37.513266,126.93875,37.513283,126.939862,37.513323,126.940218,37.513347
3:126.940071,37.513452,126.940076,37.513171,126.94008,37.512517,126.940081,37.512178,126.940078,37.511942,126.940071,37.511834,126.940048,37.510638,126.94005,37.509988,126.939993,37.508337,126.939983,37.508184,126.939877,37.507564,126.939795,37.507183,126.939724,37.506887,126.93947,37.505942,126.939445,37.505831,126.939394,37.505605,126.939331,37.50534,126.939256,37.505088
3:126.939518,37.505039,126.939595,37.505295,126.939659,37.505567,126.939711,37.505794,126.939734,37.505901,126.939988,37.506845,126.94006,37.507145,126.940144,37.507531,126.940252,37.508164,126.940262,37.508329,126.940319,37.509986,126.940318,37.510636,126.94034,37.511826,126.940348,37.511935,126.94035,37.512177,126.94035,37.512518,126.940346,37.513173,126.940341,37.513455
2:126.94676,37.513246,126.947335,37.513116,126.948195,37.512923,126.949403,37.51265,126.949976,37.512581,126.950414,37.512553,126.950854,37.512544,126.952199,37.512526
2:126.952277,37.512881,126.952031,37.51288,126.950887,37.512881,126.949982,37.512923,126.949516,37.512988,126.947275,37.513518,126.946788,37.513639
3:126.944572,37.510601,126.944666,37.510435,126.944773,37.510246,126.944917,37.510042,126.945262,37.509743,126.94545,37.509589,126.94577,37.509315,126.946396,37.508808,126.946633,37.508604,126.946928,37.508339,126.947279,37.508064,126.947735,37.507645,126.947876,37.507505,126.947989,37.507335,126.947979,37.507198,126.94796,37.507158,126.947913,37.507087,126.947775,37.506904,126.947387,37.506418,126.946124,37.50487
3:126.94635,37.504754,126.947614,37.506303,126.948005,37.506792,126.948148,37.506982,126.948207,37.50707,126.948246,37.507154,126.948262,37.507383,126.948102,37.507622,126.947943,37.507782,126.947476,37.508211,126.947124,37.508486,126.946833,37.508747,126.946592,37.508955,126.945965,37.509463,126.945646,37.509736,126.945458,37.50989,126.945137,37.510168,126.945014,37.510342,126.944912,37.510522,126.944817,37.510689
1:126.955721,37.513688,126.955589,37.513528,126.955578,37.513513,126.955466,37.513414,126.955356,37.51335,126.954866,37.513111,126.954609,37.512951,126.954181,37.512647
1:126.954802,37.512536,126.954909,37.512588,126.955198,37.512752,126.955825,37.513098,126.955952,37.513179
2:126.954892,37.513122,126.954676,37.513051,126.954254,37.512931,126.954143,37.512912,126.954019,37.512894,126.953904,37.512885,126.953772,37.512883,126.95244,37.512883,126.952276,37.512881
2:126.952196,37.512526,126.953874,37.512468,126.954268,37.512461
2:126.954168,37.512637,126.954074,37.512548,126.953906,37.512374,126.953799,37.512229,126.953664,37.512026,126.953022,37.510907,126.951089,37.507222,126.950544,37.506187,126.950067,37.505308,126.950048,37.505241,126.950044,37.50519,126.950064,37.505027,126.950063,37.505022,126.949846,37.504667,126.949749,37.504538,126.94966,37.504439,126.949538,37.504324
1:126.949744,37.504186,126.949874,37.504308,126.949975,37.504421,126.950084,37.504565,126.950314,37.504943,126.950325,37.504959,126.950446,37.505067,126.950504,37.505149,126.951013,37.506036,126.951535,37.507097,126.95349,37.510741,126.954078,37.511925,126.954188,37.512065,126.954292,37.512185,126.95446,37.512318,126.954816,37.512544
2:126.954622,37.531019,126.954479,37.530611,126.954354,37.530217,126.954329,37.530081,126.954326,37.529913,126.954367,37.52956,126.954445,37.528556,126.954461,37.52846,126.954537,37.528201,126.95499,37.527429,126.955198,37.52708,126.955414,37.526812,126.955679,37.526532
2:126.955895,37.52666,126.955636,37.526934,126.955434,37.527184,126.955234,37.52752,126.954793,37.528271,126.954726,37.528498,126.954713,37.528577,126.954636,37.529576,126.954595,37.529921,126.954598,37.530064,126.954619,37.530175,126.95474,37.530556,126.954881,37.530962
1:126.934531,37.514859,126.935672,37.51485,126.936574,37.514987,126.937819,37.515189,126.938737,37.515336,126.939129,37.515406,126.940292,37.515611,126.941687,37.51583
1:126.940663,37.516364,126.940146,37.516275,126.939765,37.516199,126.938962,37.515998,126.938401,37.515857,126.937239,37.515598,126.93639,37.515358
1:126.940968,37.516491,126.940868,37.516803,126.940698,37.51737899999999,126.9406,37.517645
1:126.945725,37.516952,126.945586,37.51696199999999,126.945367,37.516939,126.944956,37.516874,126.943695,37.516735,126.941147,37.51644,126.94105,37.516429,126.940663,37.516364
1:126.940605,37.517628,126.940547,37.518013,126.940551,37.518077,126.940564,37.518123,126.940595,37.518206,126.940625,37.518255,126.940887,37.518578,126.940944,37.518671,126.941015,37.518853,126.941045,37.519015,126.941028,37.519396
1:126.938032,37.517543,126.938145,37.517569,126.938403,37.51761,126.939714,37.517801
1:126.938524,37.517922,126.938606,37.517876,126.938688,37.517843,126.938844,37.517797,126.939025,37.51777,126.939264,37.51776,126.939705,37.5178
1:126.939716,37.51780099999999,126.939896,37.51782899999999,126.940007,37.517828,126.940079,37.5178,126.940171,37.517757,126.940263,37.517688,126.94031,37.517639,126.940334,37.517602,126.940342,37.517583,126.940437,37.517324,126.940606,37.516752,126.940707,37.516438
1:126.940598,37.51765,126.940583,37.517686,126.940539,37.517753,126.940464,37.517832,126.940339,37.517925,126.940204,37.517996,126.940059,37.518041,126.939872,37.518043,126.93967,37.518012,126.939255,37.517976,126.939057,37.517983,126.938916,37.518004,126.938795,37.518039,126.938745,37.518059,126.938679,37.518097
1:126.941687,37.51583,126.943145,37.516062,126.943692,37.516158,126.94522,37.516398,126.945717,37.516443,126.946593,37.516622
1:126.937598,37.522913,126.937788,37.522754,126.937896,37.522676,126.939364,37.521594
2:126.939548,37.52175,126.938079,37.522833,126.937978,37.522906,126.937794,37.52306
1:126.939361,37.521597,126.940206,37.520927
1:126.940397,37.521078,126.939551,37.521748
1:126.939564,37.521736,126.939171,37.522151,126.938512,37.52266,126.938477,37.522714,126.93846,37.522759,126.938452,37.522827,126.938462,37.522887,126.938486,37.522934,126.938537,37.522991,126.938681,37.523092,126.938947,37.523364,126.939033,37.523426
1:126.960255,37.521886,126.960388,37.521851,126.960584,37.521796,126.960678,37.521768,126.961027,37.521646,126.961748,37.52137,126.962533,37.521069,126.963132,37.520837,126.963793,37.520579,126.964908,37.520142,126.966337,37.519556,126.966769,37.519396,126.969943,37.51823,126.970472,37.518026,126.970706,37.51793
1:126.961985,37.521749,126.961538,37.521926,126.961201,37.522053,126.960758,37.522204,126.960285,37.522321,126.959884,37.522395,126.959651,37.522434,126.959068,37.522518,126.958791,37.522554,126.958442,37.522609,126.958052,37.522699,126.957862,37.522752,126.957621,37.522829,126.957361,37.522933,126.957134,37.523035,126.956861,37.523182,126.956678,37.523296,126.956467,37.523444,126.956321,37.523553,126.955974,37.52381,126.955848,37.523894,126.955535,37.524113,126.955201,37.524357,126.954928,37.524562,126.954691,37.524739,126.954522,37.524874,126.954381,37.524992,126.954259,37.525108,126.954153,37.525224,126.954013,37.525409,126.953899,37.525592,126.953816,37.525759,126.953744,37.525932,126.953672,37.526155,126.953602,37.526424,126.953573,37.526609,126.953539,37.526973,126.953523,37.527267
1:126.953126,37.525966,126.953179,37.525832,126.953227,37.525719,126.953326,37.525523,126.953469,37.525297,126.953563,37.525164,126.953612,37.525103,126.953745,37.524953,126.953935,37.524784,126.953998,37.524735,126.954421,37.524415,126.955309,37.523752,126.955777,37.523398,126.9561,37.52316,126.956262,37.523044,126.956408,37.522942,126.956575,37.522834,126.956675,37.522774,126.956771,37.522718,126.957001,37.522599,126.95716,37.522529,126.957379,37.52244,126.957607,37.522364,126.957705,37.522336,126.95785,37.522297,126.957982,37.522265,126.958072,37.522246,126.95831,37.522201,126.958581,37.52216,126.958998,37.5221,126.959198,37.522075,126.959519,37.522029,126.959793,37.521984,126.96003,37.521937,126.96026,37.521885
2:126.953523,37.527267,126.953511,37.527468,126.953498,37.527692,126.953457,37.528161,126.95344,37.52845,126.953417,37.528626,126.953386,37.52881,126.953326,37.528995,126.953272,37.529135,126.953195,37.529273,126.953097,37.529437,126.953001,37.529566,126.952899,37.52969,126.952746,37.529852
1:126.952868,37.527286,126.952893,37.527125,126.952931,37.526806,126.952962,37.526625,126.953008,37.526368,126.953049,37.52621,126.953085,37.526083,126.953125,37.525969
1:126.94887,37.531822,126.949237,37.531498,126.949758,37.531035,126.950136,37.530702,126.950629,37.530244,126.951078,37.529819,126.951495,37.52941,126.95174,37.529174,126.952029,37.528882,126.952209,37.528672,126.952293,37.528569,126.952409,37.528395,126.952556,37.528156,126.952635,37.528,126.952712,37.527832,126.95279,37.527601,126.952841,37.52741,126.952869,37.527281
1:126.951052,37.52972,126.951566,37.529849,126.951677,37.529866,126.951767,37.529871,126.951812,37.529871,126.951877,37.529867,126.951925,37.529861,126.951973,37.529851,126.952032,37.529835,126.952088,37.529818,126.952131,37.529801,126.952183,37.529777,126.95222,37.529757,126.952264,37.529728,126.952299,37.529704,126.952354,37.52966,126.952433,37.529583,126.952554,37.529451,126.952635,37.529357,126.952691,37.529292,126.952724,37.529249,126.952764,37.52919,126.952789,37.529148,126.95282,37.529091,126.952836,37.529052,126.952849,37.528994,126.952856,37.528956,126.952859,37.528881,126.952853,37.528487,126.952847,37.528218,126.952863,37.528064,126.952878,37.527955,126.952896,37.527824,126.952904,37.527653,126.952867,37.527309
3:126.931924,37.514992,126.93253,37.5151,126.933263,37.515242,126.934243,37.515419,126.935496,37.515655,126.937203,37.515972,126.938397,37.516192,126.939807,37.516455,126.941123,37.516699,126.941946,37.516854,126.942737,37.517006,126.943346,37.517117,126.943732,37.517192,126.944108,37.517259,126.944409,37.51731,126.944712,37.517353,126.944989,37.517385,126.945256,37.517405,126.945508,37.517416,126.945794,37.517414,126.945983,37.517405,126.946227,37.517387,126.946488,37.517355,126.946786,37.517307,126.947054,37.517251,126.947234,37.517205,126.947443,37.517147,126.947581,37.517104,126.947685,37.51707,126.947953,37.516963,126.948118,37.516892,126.948459,37.516732,126.948642,37.516644,126.948938,37.516483,126.949231,37.516309,126.949457,37.516189,126.949751,37.516045,126.950027,37.515919,126.950344,37.515783,126.950615,37.515678,126.95084,37.5156,126.951013,37.515542,126.951552,37.515365
3:126.944991,37.517784,126.944703,37.517755,126.944436,37.51772,126.944041,37.517654,126.943294,37.517512,126.940244,37.516946,126.9388,37.516677,126.937179,37.516374,126.935522,37.516071
3:126.951572,37.51536,126.951938,37.51529,126.952324,37.515192,126.952756,37.515077,126.95323,37.514956,126.953595,37.514858,126.954192,37.514701,126.954581,37.514594,126.955008,37.51447,126.955455,37.514334,126.955913,37.514187,126.956363,37.514035,126.956982,37.513812,126.957644,37.513561,126.958163,37.513352,126.958737,37.513107,126.959071,37.512959,126.959583,37.51272,126.960118,37.512461,126.96065,37.512184,126.961161,37.511911,126.962061,37.511411,126.963114,37.510822,126.963612,37.510546,126.964179,37.510229,126.964734,37.509923,126.965096,37.509729,126.965504,37.509519,126.965952,37.509299,126.966461,37.509067,126.966949,37.508853,126.967565,37.508601,126.968123,37.508392,126.968553,37.508237,126.969213,37.508015,126.969683,37.507862,126.970128,37.507709,126.970576,37.507544,126.971019,37.507365,126.971448,37.507165,126.971881,37.506949,126.972287,37.506721,126.972708,37.50647,126.973281,37.506103,126.973673,37.505851,126.97408,37.50561,126.974488,37.505391,126.974928,37.505199,126.975372,37.505028,126.975887,37.50486
3:126.956545,37.514374,126.955823,37.514614,126.955129,37.514828,126.954642,37.514969,126.953886,37.515171,126.9529,37.515432,126.952483,37.51554,126.952059,37.515656,126.951632,37.515782,126.9512,37.515924,126.950789,37.516065,126.950409,37.516215,126.950021,37.516387,126.949604,37.516595,126.949116,37.516868,126.948439,37.51722,126.947947,37.517407,126.947528,37.517548,126.9471,37.517653,126.946796,37.51771,126.946476,37.517756,126.946048,37.517799,126.945614,37.517811,126.945198,37.5178,126.944996,37.517784
3:126.951537,37.515371,126.951895,37.515209,126.952445,37.515064,126.952726,37.514988,126.954106,37.514627,126.954798,37.514431,126.955314,37.514274,126.955748,37.514137,126.95629,37.513953,126.956835,37.513763,126.957474,37.513521,126.958052,37.513288,126.958561,37.513076,126.959047,37.512858,126.959445,37.512674,126.959854,37.512479,126.960299,37.512256,126.960732,37.512029,126.961322,37.511707,126.961956,37.511351,126.962913,37.510822,126.963791,37.510332,126.964668,37.509845,126.965139,37.509592,126.965646,37.509335,126.966171,37.509086,126.966686,37.508857,126.967218,37.508635,126.967768,37.508419,126.968309,37.508216,126.969084,37.507955,126.969825,37.507714,126.970362,37.507522,126.970904,37.507308,126.971299,37.50713,126.971722,37.506918,126.972177,37.506669,126.972589,37.506426,126.973596,37.505788,126.974011,37.505541,126.974446,37.505324,126.974904,37.505132,126.975394,37.50497,126.975824,37.504812,126.975901,37.50479
3:126.975129,37.505561,126.974728,37.505715,126.974457,37.50585,126.974105,37.50605,126.973203,37.506634,126.972616,37.506992,126.972305,37.507167,126.972082,37.507287,126.971682,37.507487,126.971294,37.50767,126.970892,37.507839,126.970477,37.507998,126.970049,37.508146,126.96963,37.508284,126.969206,37.508422,126.968774,37.508564,126.968045,37.508826,126.96758,37.509011,126.967189,37.509173,126.966747,37.509365,126.966217,37.509609,126.965901,37.50976,126.965413,37.510008,126.965046,37.510205,126.96442,37.51055,126.963223,37.511218,126.962233,37.51177,126.961392,37.512237,126.960666,37.512623,126.959845,37.513031,126.959351,37.51326,126.958796,37.513504,126.958294,37.513713,126.957861,37.513891,126.957175,37.51415,126.956548,37.514373
1:126.945015,37.517785,126.94468,37.517797,126.944424,37.51778,126.944084,37.517742,126.943501,37.51766,126.943099,37.517604,126.942558,37.517543
1:126.937227,37.515856,126.93767,37.515855,126.938357,37.515861,126.93859,37.515846,126.938807,37.515806,126.939345,37.51569,126.93958,37.515646,126.939807,37.515619,126.939999,37.515609,126.940265,37.515608
1:126.94255,37.517542,126.942014,37.517456,126.941663,37.517382,126.941279,37.517282,126.940815,37.517157,126.940509,37.5171,126.940291,37.51706,126.940077,37.517039,126.939698,37.51701,126.939489,37.516984,126.939168,37.516924,126.93895,37.516873,126.938661,37.5168,126.937719,37.516566,126.937226,37.516488
2:126.937259,37.515859,126.943904,37.517133,126.944434,37.517207,126.944922,37.517256,126.945735,37.517247,126.946396,37.517222,126.947273,37.5172
2:126.941271,37.519553,126.941217,37.51972599999999,126.941181,37.51981899999999,126.941077,37.520026
2:126.941264,37.51957,126.941207,37.51967299999999,126.941175,37.519727,126.941138,37.519775,126.941059,37.519846
2:126.942583,37.517544,126.94226,37.517556,126.942138,37.51758399999999,126.942063,37.517622,126.94198,37.51767499999999,126.941911,37.517746,126.941663,37.518104,126.941549,37.518324,126.9415,37.518462,126.941331,37.519307,126.941273,37.519548
1:126.94173,37.515843,126.942083,37.516012,126.943085,37.516666,126.943325,37.516803,126.943639,37.516951,126.943927,37.517051,126.944376,37.517149,126.944683,37.517209,126.944946,37.517259
1:126.9407,37.517333,126.940777,37.517685,126.940803,37.51775,126.940848,37.517804,126.940905,37.517846,126.94098,37.517878,126.941068,37.517895,126.94116,37.517898,126.941258,37.517883,126.941348,37.517852,126.941431,37.517805,126.941494,37.517743,126.94154,37.517672,126.941563,37.517596,126.941562,37.517524,126.941538,37.517461,126.941493,37.517409,126.941423,37.517364,126.941246,37.517269
1:126.940103,37.517039,126.939876,37.517055,126.93974,37.517065,126.939672,37.517098,126.939634,37.517127,126.939595,37.517171,126.939582,37.517198,126.939573,37.517259,126.939582,37.517356,126.939587,37.517409,126.93961,37.517485,126.939643,37.517533,126.939707,37.517587,126.939772,37.517624,126.939829,37.517652,126.939906,37.517669,126.93999,37.517674,126.940051,37.517668,126.940122,37.51765,126.940188,37.517619,126.940256,37.517563,126.940326,37.517468,126.940451,37.517298
1:126.93632,37.51754,126.936332,37.517539,126.936577,37.517478,126.936629,37.517478,126.938002,37.517539,126.938444,37.51756,126.938743,37.517573,126.93884,37.517565,126.938912,37.517549,126.939005,37.51751,126.939105,37.517434,126.939178,37.517326,126.939201,37.517265,126.939201,37.517193,126.93919,37.517148,126.939167,37.517099,126.939129,37.517044,126.939061,37.516983,126.938974,37.516932,126.938806,37.516879,126.938598,37.516822,126.937212,37.516485
1:126.952503,37.514754,126.953051,37.514584
1:126.950774,37.51531599999999,126.952501,37.514754
1:126.95203,37.514634,126.952043,37.514652,126.952059,37.514673,126.952117,37.514735,126.95215,37.514763,126.952173,37.514775,126.952225,37.514789,126.952281,37.514789,126.952364,37.514782,126.952517,37.51475
1:126.953148,37.514784,126.952602,37.514953,126.950876,37.515514
1:126.953046,37.514586,126.953565,37.51441,126.954598,37.514112,126.954896,37.514024,126.955206,37.513921,126.955365,37.513856,126.956008,37.513521,126.95829,37.512387,126.958529,37.512288
1:126.958653,37.512478,126.958424,37.512573,126.956154,37.513701,126.955501,37.514041,126.95532,37.514115,126.954996,37.514223,126.954691,37.514313,126.953664,37.514609,126.953153,37.514782
2:126.958532,37.512287,126.958779,37.512192,126.959459,37.511998,126.960349,37.511747,126.960698,37.511601,126.960884,37.511499,126.960985,37.511446,126.96142,37.51115,126.961809,37.510817,126.962894,37.509554
1:126.963117,37.509674,126.96202,37.51095,126.961607,37.511304,126.961147,37.511617,126.961035,37.511676,126.960838,37.511784,126.960457,37.511943,126.95955,37.512199,126.958884,37.512389,126.95865,37.512479
1:126.955681,37.52653,126.956019,37.526185,126.956433,37.525782,126.956559,37.525667,126.956615,37.525615,126.957103,37.525184,126.95733,37.524978,126.958093,37.524504,126.958922,37.523992,126.958967,37.523964
1:126.959134,37.524131,126.959089,37.52416,126.958258,37.524673,126.957516,37.525134,126.957305,37.525325,126.956818,37.525756,126.956764,37.525807,126.956639,37.52592,126.956229,37.526318,126.955893,37.526662
1:126.958971,37.523961,126.959088,37.523893,126.959979,37.523387,126.96027,37.523215
2:126.960431,37.523387,126.960138,37.52356,126.959246,37.524066,126.959131,37.524133
4:126.960268,37.523216,126.960342,37.523171,126.960391,37.523137,126.960415,37.523111,126.960416,37.52311,126.960438,37.523026,126.96044,37.523003,126.96044,37.522977,126.960421,37.52285,126.960389,37.522587
3:126.955973,37.513196,126.95608,37.513303,126.956221,37.513462,126.956279,37.513531,126.956368,37.513631,126.956465,37.513754,126.95653,37.513839,126.958741,37.516939,126.959383,37.517849,126.959574,37.518145,126.961758,37.52185,126.961846,37.521991,126.96202,37.522278
1:126.961501,37.52242,126.961268,37.522032,126.95906,37.518269,126.958907,37.518058,126.958245,37.517166,126.957631,37.516287,126.956008,37.514048,126.955875,37.513878,126.955721,37.513688


